0.000000	1.424501	0.487329	2.586264	2.593665	63.406180
0.002559	12.778486	5.116666	26.446752	27.521071	1502.711722
0.004815	12.472232	4.970511	27.108378	27.843692	1498.946290
0.007079	12.868068	4.934985	27.486517	28.144096	1498.717784
0.009330	12.275845	5.015164	27.728790	28.260748	1500.137122
0.011593	12.263934	5.037514	27.867516	28.373478	1501.348320
0.013845	12.409208	5.028410	27.961636	28.423357	1500.015103
0.016108	12.156672	5.006545	28.016079	28.489202	1499.720755
0.018377	12.964761	5.121564	28.061707	28.554101	1498.343564
0.020637	12.778486	5.111432	28.096605	28.591272	1500.657237
0.022882	12.339506	5.178598	28.128194	28.586642	1502.597639
0.025124	12.417219	5.164332	28.151832	28.649226	1500.936562
0.027374	11.811503	5.184126	28.174281	28.670758	1501.738325
0.029626	14.170429	10.883551	28.201405	28.646606	1499.913196
0.031872	28.084099	50.084175	28.210455	28.679450	1500.448922
0.034122	28.376497	50.084175	28.234520	28.686243	1498.963581
0.036378	27.954145	51.010101	28.250413	28.696519	1498.745222
0.038632	27.142351	50.505051	28.260062	28.694458	1498.449460
0.040883	27.673350	51.010101	28.268176	28.801359	1499.421956
0.043138	14.156893	7.896791	28.259598	28.804351	1499.839005
0.045380	11.987955	5.284380	28.274219	28.788271	1500.582312
0.047617	11.905778	4.950403	28.304337	28.790376	1500.350353
0.049868	12.280522	4.905402	28.312307	28.807118	1500.854694
0.052127	11.956354	4.949046	28.326506	28.772899	1499.182124
0.054383	11.008685	5.123126	28.333653	28.793117	1500.179362
0.056637	12.336489	5.011795	28.337834	28.770452	1500.244654
0.058874	12.592930	4.996309	28.340839	28.798978	1500.727105
0.061131	10.867254	5.178318	28.353157	28.793736	1500.231810
0.063376	12.046930	5.060447	28.355079	28.809001	1501.580492
0.065613	11.948298	5.047463	28.370398	28.806004	1500.453966
0.067860	12.655249	4.956479	28.363555	28.806079	1499.920347
0.070115	11.893568	5.070148	28.368356	28.772109	1500.266401
0.072362	12.400355	5.005899	28.372533	28.766787	1499.314039
0.074612	12.171030	4.992238	28.373830	28.776678	1499.359382
0.076853	12.051607	5.001195	28.378929	28.780171	1500.579439
0.079100	11.929985	5.005409	28.379185	28.780094	1499.313081
0.081342	12.387256	4.947840	28.396318	28.808668	1500.850296
0.083593	13.025195	4.878057	28.395709	28.788259	1501.863341
0.085834	12.492688	4.956482	28.393498	28.787251	1499.229007
0.088077	12.281588	4.947775	28.411160	28.820187	1500.010728
0.090327	12.370091	4.956897	28.408979	28.793517	1500.935672
0.092572	12.181673	4.961832	28.406431	28.773463	1499.705194
0.094819	12.489596	4.912491	28.416466	28.789837	1499.215997
0.097061	10.183498	5.111601	28.411049	28.781984	1501.015175
0.099312	13.110264	4.856640	28.409626	28.771707	1500.708070
0.101554	12.585489	4.912718	28.410163	28.784411	1500.114682
0.103804	11.489634	5.029417	28.412947	28.777621	1500.736615
0.106055	10.609727	5.130311	28.409951	28.765435	1499.331215
0.108301	10.550053	5.130137	28.410981	28.775273	1501.445232
0.110552	11.619918	5.001422	28.415916	28.781973	1498.806149
0.112794	11.189696	5.037598	28.414548	28.780084	1499.509427
0.115045	11.521703	5.021990	28.419890	28.778081	1498.628942
0.117286	13.179436	4.824859	28.412468	28.777594	1499.990283
0.119528	11.948887	4.953978	28.413019	28.759095	1501.085036
0.121770	11.778086	5.002143	28.412304	28.776254	1500.709874
0.124015	12.139774	4.948984	28.414509	28.762628	1499.254434
0.126262	11.216229	5.024097	28.420009	28.779016	1499.223193
0.128509	11.126543	5.034248	28.416012	28.758587	1500.049745
0.130751	12.566210	4.900075	28.419656	28.767483	1498.914253
0.133006	12.249967	4.921717	28.417958	28.763976	1499.081167
0.135261	11.209533	5.037103	28.418535	28.768939	1499.208453
0.137507	12.092754	4.973963	28.423183	28.751926	1499.888640
0.139753	11.583399	5.006590	28.422449	28.770686	1500.960633
0.142000	12.500796	4.913179	28.419688	28.751483	1499.529579
0.144245	12.303224	4.944588	28.418790	28.760606	1500.017897
0.146492	12.930820	4.865417	28.417223	28.753533	1499.633586
0.148734	12.219928	4.927149	28.420404	28.770117	1500.111066
0.150976	12.310063	4.913952	28.421211	28.751412	1499.575694
0.153217	11.237998	5.029480	28.416824	28.766661	1499.287798
0.155459	11.532748	4.993851	28.419772	28.738344	1499.603106
0.157705	12.038236	4.970613	28.427423	28.751129	1499.200262
0.159952	13.045842	4.835671	28.428802	28.747297	1499.526514
0.162197	12.378821	4.905012	28.424528	28.765453	1500.622725
0.164445	11.355997	4.997839	28.429283	28.757037	1500.468782
0.166686	11.859927	4.947709	28.424698	28.748514	1500.229963
0.168932	12.159309	4.926662	28.424725	28.727991	1499.750146
0.171179	11.937174	4.935438	28.423086	28.747693	1499.336219
0.173421	11.268174	5.020767	28.423348	28.735003	1499.058422
0.175662	10.989868	5.064654	28.428746	28.759562	1499.346727
0.177904	10.736003	5.037345	28.423956	28.734729	1500.638198
0.180146	10.760484	5.028085	28.422111	28.736969	1500.761150
0.182378	11.210290	5.015399	28.424196	28.731829	1498.970926
0.184625	11.754625	4.940556	28.422376	28.734270	1499.718395
0.186867	11.015085	5.028739	28.422479	28.743246	1500.712868
0.189109	12.476081	4.870555	28.422425	28.732814	1500.112973
0.191351	11.597692	4.962513	28.421362	28.744570	1500.349500
0.193593	11.045942	5.028080	28.426541	28.762395	1500.411507
0.195830	12.583602	4.835961	28.420785	28.736015	1501.395081
0.198081	12.005207	4.932225	28.427663	28.733375	1499.748845
0.200336	11.399566	4.974280	28.427549	28.728944	1500.428142
0.202578	11.293549	4.997601	28.428656	28.754005	1500.293695
0.204828	10.822836	5.033298	28.429400	28.733783	1499.315649
0.207065	12.696087	4.857390	28.437254	28.746216	1500.775814
0.209312	12.502096	4.845408	28.430536	28.735040	1500.316350
0.211554	11.947376	4.926523	28.429470	28.735506	1500.953380
0.213791	11.666824	4.939931	28.430156	28.746511	1500.276064
0.216033	12.047763	4.913250	28.433732	28.733466	1500.197444
0.218275	12.809430	4.836566	28.434562	28.735999	1500.667888
0.220517	13.646443	4.662609	28.431115	28.724137	1499.199960
0.222762	13.900801	4.690359	28.429906	28.725103	1500.217840
0.225004	13.240169	4.781203	28.425901	28.721061	1499.329647
0.227251	13.658226	4.697171	28.435752	28.748880	1498.129989
0.229488	10.956911	5.014665	28.440456	28.744173	1500.758461
0.231726	11.486342	4.913471	28.440570	28.739587	1499.601663
0.233968	12.136280	4.917120	28.435004	28.734060	1498.360236
0.236210	11.255807	4.943837	28.433193	28.737762	1499.506566
0.238451	13.525370	4.690808	28.430626	28.728862	1499.962881
0.240698	13.696489	4.647258	28.427592	28.731346	1497.643859
0.242940	12.119241	4.896234	28.426860	28.719320	1501.957684
0.245185	12.479947	4.790696	28.427415	28.720289	1500.354625
0.247432	12.921003	4.815193	28.426199	28.719851	1500.574782
0.249674	13.629190	4.693810	28.427339	28.716240	1500.110953
0.251916	13.291719	4.735836	28.431283	28.727680	1498.383120
0.254161	12.978339	4.754545	28.428709	28.724200	1499.705632
0.256404	12.331279	4.843844	28.428297	28.715958	1500.668634
0.258641	12.571870	4.870872	28.426436	28.722286	1502.065320
0.260879	13.821138	4.619626	28.425218	28.711594	1499.451972
0.263125	13.933200	4.620034	28.420426	28.701984	1499.302062
0.265363	12.960389	4.747725	28.426413	28.713819	1499.438828
0.267596	13.090343	4.682731	28.427723	28.709688	1501.372928
0.269833	13.858488	4.646358	28.428360	28.702448	1500.079016
0.272075	12.084099	4.884752	28.430735	28.706335	1500.065799
0.274317	11.807792	4.910548	28.428179	28.700948	1499.165196
0.276553	11.365124	4.940495	28.430293	28.718757	1500.004406
0.278787	12.729441	4.819367	28.428926	28.703416	1500.579632
0.281029	11.472837	4.930206	28.431636	28.712065	1500.789430
0.283271	13.855014	4.596329	28.428428	28.701488	1500.229773
0.285507	13.160173	4.806940	28.425274	28.693796	1500.675441
0.287741	13.873075	4.623480	28.430861	28.714835	1499.677897
0.289983	13.997464	4.599593	28.427497	28.715454	1500.846340
0.292234	11.510965	4.935223	28.425517	28.713837	1499.044949
0.294476	12.180015	4.884096	28.427337	28.699911	1499.210438
0.296717	10.886696	4.974038	28.427742	28.711216	1500.035997
0.298950	12.072531	4.886904	28.429625	28.703900	1499.075769
0.301187	12.666824	4.840340	28.429954	28.713847	1500.707395
0.303421	13.275115	4.725309	28.427712	28.705657	1500.469933
0.305663	12.214744	4.874053	28.424081	28.701478	1500.803151
0.307905	11.347864	4.904391	28.428391	28.691260	1501.027096
0.310146	12.169782	4.877982	28.429288	28.702093	1499.952487
0.312383	13.793963	4.689722	28.426789	28.703906	1500.259748
0.314621	11.106598	4.956242	28.427521	28.688718	1500.126986
0.316863	10.782586	4.982822	28.433815	28.701965	1500.246207
0.319105	12.643735	4.837224	28.430599	28.698839	1500.906481
0.321338	13.127388	4.790633	28.430930	28.695990	1501.118121
0.323574	11.567663	4.921350	28.433155	28.701012	1499.452013
0.325813	11.805918	4.875446	28.430330	28.697945	1500.617261
0.328054	12.001039	4.909187	28.431356	28.692817	1499.661125
0.330296	13.056570	4.739438	28.428505	28.691402	1499.486136
0.332529	11.399698	4.917104	28.428183	28.698567	1501.340288
0.334771	13.898827	4.574306	28.428834	28.692167	1500.467778
0.337008	12.322784	4.785321	28.430204	28.690888	1499.355648
0.339250	12.105559	4.797817	28.427139	28.682188	1500.815852
0.341497	12.926479	4.773247	28.429608	28.686874	1499.137812
0.343742	13.892363	4.696430	28.425583	28.688503	1500.520831
0.345998	13.890626	4.637602	28.426122	28.678374	1499.091634
0.348244	13.097512	4.706021	28.422831	28.690414	1500.923803
0.350495	13.667701	4.627979	28.427572	28.709897	1499.961029
0.352737	13.656488	4.603167	28.424427	28.687997	1499.080675
0.354979	13.821138	4.531703	28.423749	28.686806	1500.175749
0.357221	13.687250	4.539840	28.421507	28.684889	1499.548042
0.359463	12.593552	4.690027	28.425824	28.694575	1500.724522
0.361714	13.890626	4.535344	28.424900	28.695052	1500.277845
0.363951	13.790613	4.580265	28.427060	28.694710	1501.520047
0.366198	13.821138	4.542809	28.425737	28.683861	1499.649922
0.368457	13.995726	4.618470	28.432289	28.708533	1500.261207
0.370704	12.788291	4.741046	28.433261	28.686543	1499.560522
0.372946	13.599950	4.629953	28.431838	28.698075	1500.422153
0.375196	12.372527	4.756735	28.434725	28.697225	1499.869851
0.377438	12.654022	4.764781	28.432087	28.696035	1500.590130
0.379680	12.245340	4.802125	28.432948	28.681741	1499.402332
0.381922	12.485226	4.756525	28.426022	28.681545	1500.006161
0.384164	12.567920	4.736609	28.433186	28.700591	1500.065860
0.386410	13.827839	4.676778	28.429992	28.678368	1499.276270
0.388657	13.824489	4.630273	28.429513	28.682517	1500.094650
0.390898	13.264662	4.692540	28.428812	28.670167	1499.583454
0.393135	12.800394	4.732311	28.424396	28.691978	1500.602451
0.395382	13.926239	4.595510	28.434919	28.690704	1501.297515
0.397624	13.624350	4.676777	28.432044	28.678201	1500.279148
0.399861	12.747725	4.728355	28.430277	28.679863	1499.390286
0.402108	12.734079	4.728777	28.429651	28.691258	1500.577611
0.404350	12.790537	4.748546	28.432684	28.678369	1498.838155
0.406595	12.898932	4.704277	28.433509	28.680106	1498.989603
0.408833	12.817375	4.724609	28.431776	28.679338	1501.752700
0.411080	12.686499	4.720576	28.425307	28.674503	1498.789359
0.413321	12.874797	4.696498	28.427728	28.685714	1500.247397
0.415563	13.071739	4.692737	28.426887	28.670981	1500.720877
0.417796	12.827000	4.688517	28.428704	28.674996	1499.689203
0.420038	12.426384	4.736472	28.426782	28.682584	1498.507809
0.422271	12.927293	4.708976	28.427703	28.668733	1501.268069
0.424513	12.484155	4.708634	28.428854	28.669776	1500.174049
0.426746	12.631758	4.736681	28.428119	28.676450	1499.318179
0.428979	12.418018	4.732797	28.428218	28.678253	1499.330200
0.431212	12.783910	4.736747	28.427855	28.667770	1499.414597
0.433445	13.070096	4.724532	28.426865	28.670673	1501.462198
0.435678	12.727513	4.724539	28.428278	28.675797	1500.786061
0.437911	12.820373	4.716281	28.427049	28.676805	1499.991917
0.440144	12.359035	4.748970	28.426054	28.671941	1500.110955
0.442377	12.620455	4.712391	28.425770	28.671923	1499.943991
0.444610	12.455765	4.728629	28.425300	28.672723	1497.296110
0.446846	12.498611	4.744522	28.428049	28.674500	1499.628936
0.449080	12.854703	4.712528	28.430601	28.687757	1500.082419
0.451388	13.215879	4.680806	28.431646	28.678179	1498.465472
0.453692	12.537150	4.736403	28.431700	28.677888	1500.425517
0.455934	12.793001	4.688583	28.430154	28.669690	1499.469386
0.458181	13.077806	4.696362	28.429616	28.679818	1499.742582
0.460414	12.437522	4.708233	28.430859	28.662006	1499.103329
0.462647	12.607348	4.740569	28.434396	28.687864	1501.598754
0.464879	12.709257	4.704480	28.429874	28.668707	1500.307373
0.467113	12.824282	4.728626	28.426226	28.659867	1501.584386
0.469355	12.750250	4.704410	28.433958	28.681770	1498.554765
0.471591	12.636719	4.728489	28.431544	28.660069	1500.073563
0.473829	12.561144	4.724671	28.428349	28.664890	1499.901008
0.476071	12.479643	4.684757	28.428329	28.674665	1499.815222
0.478304	12.781190	4.708774	28.427482	28.668742	1499.883680
0.480541	12.788975	4.700523	28.426897	28.671285	1499.405501
0.482779	12.886591	4.684950	28.428753	28.675169	1500.813848
0.485016	12.715956	4.712458	28.425379	28.658123	1499.275339
0.487324	12.590227	4.684825	28.427686	28.665845	1500.219460
0.489562	12.620020	4.700386	28.424542	28.650900	1499.619394
0.491804	12.540676	4.700589	28.425506	28.664404	1500.602181
0.494112	12.730411	4.688720	28.427724	28.656693	1498.977063
0.496350	12.754351	4.708301	28.423165	28.659110	1499.122439
0.498587	12.722284	4.708233	28.426923	28.651884	1500.716797
0.500829	12.564709	4.724329	28.424621	28.650373	1499.899129
0.503067	12.612491	4.700386	28.423744	28.665373	1499.719524
0.505300	12.932219	4.684764	28.426431	28.658124	1499.901974
0.507533	12.958113	4.649346	28.426607	28.664697	1501.058733
0.509766	12.754632	4.680665	28.427640	28.652362	1500.095002
0.511999	13.085320	4.677047	28.427397	28.657656	1497.613211
0.514236	12.700853	4.708301	28.424996	28.658449	1500.015766
0.516474	12.837213	4.684493	28.424126	28.655420	1500.256965
0.518711	12.788422	4.684623	28.425956	28.662960	1499.664607
0.520944	12.556492	4.688512	28.422513	28.648510	1501.255328
0.523185	12.472765	4.680537	28.424740	28.648022	1499.000867
0.525490	12.750385	4.716420	28.422726	28.649469	1500.009926
0.527736	12.821401	4.708301	28.424021	28.657163	1499.290788
0.529973	12.636626	4.684491	28.423215	28.651385	1499.107266
0.532211	12.496086	4.724607	28.425863	28.654597	1499.798557
0.534514	12.785215	4.688653	28.427036	28.657633	1499.807569
0.536822	12.491021	4.704478	28.423245	28.652366	1500.394161
0.539127	12.749030	4.653103	28.422293	28.655559	1502.214143
0.541364	13.172870	4.657123	28.423550	28.651240	1499.618067
0.543602	12.690124	4.700588	28.428828	28.653793	1499.088323
0.545849	12.669066	4.668930	28.428240	28.655192	1499.403378
0.548081	12.405541	4.724676	28.428127	28.652838	1501.467423
0.550390	12.799806	4.641693	28.424770	28.654764	1500.329759
0.552689	13.058855	4.641430	28.421423	28.639355	1500.611338
0.554923	12.699394	4.649339	28.419364	28.642727	1498.888419
0.557222	12.572756	4.652972	28.419635	28.647528	1501.424928
0.559521	13.058855	4.653103	28.421644	28.646098	1500.052341
0.561821	12.872093	4.661083	28.423606	28.652675	1498.630353
0.564054	12.838705	4.700320	28.426316	28.650743	1498.823509
0.566358	13.130221	4.653168	28.426857	28.653096	1500.681778
0.568658	12.915186	4.641430	28.423009	28.648013	1499.960827
0.570891	12.835908	4.688517	28.428222	28.647062	1500.231449
0.573124	13.207266	4.634040	28.425578	28.648510	1499.974882
0.575357	12.737729	4.661213	28.425552	28.648792	1500.381000
0.577594	13.050139	4.672822	28.427255	28.666074	1498.834257
0.579894	12.614853	4.660949	28.429293	28.652835	1500.455726
0.582197	13.013602	4.665504	28.425426	28.648514	1499.946490
0.584502	12.673758	4.661276	28.422631	28.638859	1499.763191
0.586735	12.817785	4.645853	28.424730	28.645141	1501.700609
0.589034	12.669835	4.661149	28.428200	28.658163	1499.433001
0.591334	13.074787	4.653566	28.430174	28.642236	1501.358681
0.593571	13.394837	4.618788	28.428416	28.645005	1502.156291
0.595804	12.907059	4.669062	28.427723	28.644458	1499.892552
0.598104	13.134144	4.614579	28.424588	28.644163	1499.615264
0.600403	12.911571	4.649802	28.422847	28.644166	1500.230708
0.602636	13.262777	4.645320	28.422541	28.645430	1500.189475
0.604869	13.404415	4.641623	28.419489	28.639350	1500.039369
0.607173	13.115093	4.618278	28.420344	28.652156	1501.471267
0.609481	13.000250	4.630143	28.418778	28.645951	1501.099247
0.611715	13.146945	4.634374	28.423055	28.639830	1500.626764
0.613948	13.558089	4.595320	28.422731	28.651209	1499.432956
0.616181	13.265675	4.618216	28.426540	28.642724	1500.831495
0.618480	13.239426	4.603163	28.426469	28.648832	1499.706440
0.620713	13.240731	4.595574	28.423591	28.645143	1500.074478
0.623017	12.997136	4.641819	28.421484	28.642716	1500.783227
0.625321	13.424200	4.599210	28.422284	28.636451	1500.009990
0.627563	13.299551	4.599466	28.419833	28.633083	1499.257900
0.629801	13.427314	4.576500	28.422201	28.635014	1498.146777
0.632034	13.139628	4.607255	28.421935	28.640766	1499.872588
0.634342	13.397951	4.614452	28.428959	28.652664	1500.423314
0.636580	13.053253	4.622106	28.429633	28.636923	1500.289720
0.638888	13.331813	4.591683	28.424414	28.643024	1500.054990
0.641121	13.209969	4.626768	28.425696	28.630583	1500.040347
0.643354	13.171890	4.626127	28.431643	28.657669	1499.435204
0.645587	12.872093	4.645712	28.427205	28.644639	1501.041341
0.647829	13.158833	4.618343	28.425641	28.647347	1500.604888
0.650133	13.146843	4.641626	28.424654	28.644909	1501.451986
0.652370	13.055956	4.611004	28.432166	28.650310	1499.889331
0.654603	13.207051	4.599336	28.430379	28.630117	1500.729223
0.656836	13.279815	4.603287	28.430279	28.654057	1499.642815
0.659069	13.014978	4.622042	28.428399	28.636454	1499.245485
0.661311	13.145230	4.599146	28.428162	28.644152	1500.112752
0.663544	13.168991	4.595384	28.422627	28.637430	1501.042539
0.665777	13.047240	4.629758	28.423098	28.636938	1499.683798
0.668010	13.171788	4.633843	28.423125	28.640299	1500.200782
0.670243	13.175004	4.595447	28.423592	28.635961	1499.119725
0.672476	13.501438	4.565271	28.426097	28.635962	1500.334261
0.674784	12.984216	4.630340	28.422443	28.645136	1500.140773
0.677093	13.362789	4.576755	28.420429	28.630195	1499.092274
0.679326	13.088218	4.603162	28.424306	28.647362	1500.096283
0.681625	13.233413	4.603294	28.425137	28.639579	1500.293150
0.683858	12.957659	4.607117	28.428776	28.636463	1500.240405
0.686162	13.148343	4.580203	28.429326	28.644169	1499.896792
0.688466	13.048956	4.626062	28.426351	28.630101	1501.117753
0.690699	12.954853	4.607052	28.424267	28.640765	1500.336443
0.692932	13.337630	4.557744	28.426880	28.644650	1499.246220
0.695165	13.421087	4.576810	28.426339	28.639814	1499.586400
0.697398	13.271903	4.580389	28.431523	28.649453	1501.119772
0.699702	13.000035	4.607437	28.427248	28.633570	1499.844264
0.701936	13.056868	4.524534	28.418544	28.626010	1500.370702
0.704235	12.806545	4.535586	28.420727	28.634654	1501.177547
0.706544	13.173288	4.513248	28.419716	28.636942	1500.709403
0.708852	12.869475	4.524654	28.419071	28.627293	1502.145815
0.711085	12.988420	4.527878	28.419130	28.631631	1499.527536
0.713394	12.992624	4.502439	28.420887	28.628220	1500.146478
0.715697	13.202652	4.487745	28.422666	28.636931	1499.723226
0.718006	13.299551	4.603036	28.430282	28.647545	1499.168210
0.720314	13.271688	4.572736	28.431286	28.642246	1499.915253
0.722553	13.076604	4.618473	28.431457	28.652363	1499.135065
0.724856	13.362575	4.583967	28.429426	28.634027	1501.357424
0.727164	13.425813	4.587793	28.430055	28.637898	1499.672501
0.729469	13.241039	4.565272	28.427362	28.634041	1500.357892
0.731711	13.328914	4.587793	28.430302	28.640775	1500.177171
0.733948	13.084731	4.565147	28.429335	28.635010	1499.420987
0.736257	13.565050	4.550154	28.426378	28.639331	1500.011871
0.738556	13.456575	4.546512	28.426022	28.636440	1500.956567
0.740793	13.362789	4.568973	28.428565	28.638192	1500.401803
0.743031	13.049944	4.603098	28.428683	28.633388	1499.277380
0.745272	13.045842	4.599334	28.426264	28.636438	1501.043931
0.747577	13.395052	4.557805	28.424393	28.623452	1499.558574
0.749810	13.138127	4.610626	28.427752	28.645095	1498.850798
0.752052	13.237617	4.591682	28.428900	28.643676	1499.493132
0.754285	13.441189	4.580767	28.428320	28.630679	1500.748549
0.756588	13.588850	4.546694	28.430702	28.643488	1500.678453
0.758826	13.117479	4.572862	28.425888	28.628741	1500.275702
0.761064	13.358063	4.580514	28.427651	28.630499	1499.988400
0.763306	13.358063	4.568973	28.426859	28.631608	1499.157743
0.765543	13.333765	4.595574	28.427216	28.630660	1501.716084
0.767789	13.304063	4.584409	28.429416	28.631948	1499.766544
0.770036	13.265890	4.580330	28.431610	28.652020	1500.250408
0.772282	13.488837	4.561939	28.437031	28.632585	1498.597938
0.774519	13.270741	4.572799	28.432366	28.647825	1499.418893
0.776752	13.496463	4.542993	28.427756	28.626453	1500.474584
0.778986	13.459689	4.561628	28.428325	28.636948	1500.108332
0.781226	13.136729	4.591745	28.430230	28.640607	1499.722553
0.783460	13.361176	4.539110	28.428818	28.643455	1499.391967
0.785698	13.233413	4.584279	28.427456	28.636458	1500.016793
0.787940	13.173503	4.580392	28.426344	28.629215	1499.242073
0.790186	13.270290	4.554040	28.425609	28.623937	1500.518065
0.792423	13.493564	4.550399	28.431183	28.629715	1498.838715
0.794656	13.553362	4.550278	28.428795	28.622949	1500.364992
0.796898	13.325800	4.583904	28.431541	28.640798	1499.808581
0.799139	13.215767	4.561383	28.433821	28.636933	1500.541621
0.801377	13.364075	4.558056	28.426208	28.628268	1499.683359
0.803623	13.458076	4.524176	28.427745	28.634984	1499.293082
0.805870	13.361176	4.553918	28.425143	28.635011	1499.615250
0.808108	13.334927	4.553980	28.425242	28.622012	1499.843522
0.810340	13.328914	4.565395	28.427901	28.636943	1499.332635
0.812574	13.462588	4.542989	28.426476	28.627785	1499.334415
0.814807	13.301051	4.550581	28.426292	28.629704	1501.468404
0.817039	13.398402	4.569036	28.426425	28.629237	1500.020350
0.819272	13.136729	4.576438	28.428771	28.631143	1501.238113
0.821506	13.424200	4.520651	28.422327	28.619040	1498.730469
0.823738	13.491951	4.565398	28.429126	28.636455	1501.378532
0.825971	13.722863	4.509546	28.425663	28.624398	1501.147398
0.828205	13.232015	4.557741	28.420915	28.629294	1500.191508
0.830437	13.493688	4.531642	28.424081	28.624901	1499.796420
0.832679	13.556475	4.565209	28.422062	28.629711	1499.225756
0.834912	13.302450	4.561688	28.423168	28.619592	1500.379377
0.837149	13.533576	4.543054	28.421977	28.622007	1499.618183
0.839387	13.725976	4.510027	28.418002	28.620553	1500.665062
0.841633	13.553362	4.542809	28.420308	28.624904	1500.251092
0.843875	13.295039	4.554169	28.422553	28.630980	1499.245115
0.846108	13.587237	4.524788	28.424056	28.622963	1499.529367
0.848341	13.265890	4.553980	28.423132	28.630209	1500.659492
0.850578	13.233413	4.565086	28.422881	28.619118	1500.456894
0.852816	13.391826	4.546576	28.420957	28.618139	1499.306391
0.855049	13.328914	4.550460	28.421609	28.618939	1500.305814
0.857282	13.235026	4.557744	28.423314	28.636456	1500.350416
0.859524	13.368279	4.557865	28.424615	28.622967	1500.550103
0.861757	13.267391	4.553918	28.422622	28.624412	1499.781022
0.863990	13.430213	4.550214	28.420901	28.612838	1501.263439
0.866223	13.298050	4.550338	28.421890	28.627315	1499.974985
0.868456	13.524326	4.561818	28.423784	28.633087	1500.336540
0.870689	13.490338	4.527878	28.424172	28.621519	1499.808791
0.872922	13.491838	4.535405	28.424352	28.627788	1500.297503
0.875155	13.485611	4.520651	28.422442	28.628255	1500.340101
0.877388	13.361176	4.542627	28.426501	28.630680	1500.048972
0.879621	13.388824	4.572675	28.431935	28.630674	1499.850091
0.881929	13.325800	4.535465	28.428262	28.623434	1499.091934
0.884238	13.358063	4.539285	28.426689	28.631466	1499.469871
0.886537	13.337630	4.558111	28.425752	28.638830	1498.941469
0.888770	13.273301	4.561812	28.429550	28.632603	1500.575218
0.891079	13.265890	4.572675	28.432822	28.639728	1498.820140
0.893378	13.325800	4.557989	28.430325	28.629247	1499.945852
0.895611	13.424313	4.535344	28.429116	28.630675	1500.626786
0.897849	13.625963	4.524717	28.426964	28.634027	1500.362216
0.900152	13.425813	4.513365	28.423647	28.620077	1500.530867
0.902457	13.265890	4.542872	28.424748	28.628565	1500.592353
0.904690	13.499701	4.546391	28.419615	28.623932	1500.047460
0.906923	13.621112	4.532063	28.421505	28.623450	1499.778898
0.909231	13.390437	4.568912	28.418450	28.621534	1502.049173
0.911472	13.526063	4.535408	28.422996	28.630033	1499.717490
0.913705	13.467202	4.502320	28.425237	28.628070	1501.899119
0.915944	13.359676	4.531881	28.427792	28.636412	1500.186107
0.918180	13.625963	4.509487	28.424277	28.612818	1498.728838
0.920418	13.391938	4.554042	28.424727	28.618149	1499.380910
0.922651	13.427314	4.546452	28.421362	28.628113	1501.042309
0.924888	13.554975	4.524236	28.421756	28.622961	1499.066635
0.927126	13.370539	4.546573	28.423145	28.620075	1499.763072
0.929359	13.524213	4.513189	28.425458	28.624669	1500.699520
0.931601	13.588850	4.539346	28.423339	28.617107	1499.749817
0.933834	13.655112	4.495093	28.426862	28.626823	1500.183328
0.936070	13.361176	4.568849	28.426287	28.634840	1500.348141
0.938309	13.567451	4.509846	28.422579	28.619510	1500.823254
0.940546	13.558325	4.528302	28.426165	28.633660	1499.380057
0.942784	13.558201	4.513546	28.429552	28.624950	1499.347971
0.945030	13.395052	4.520772	28.431856	28.635787	1499.722373
0.947272	13.393551	4.528177	28.433955	28.622966	1500.878454
0.949514	13.661452	4.524476	28.430020	28.623455	1499.662339
0.951747	13.758351	4.513189	28.423893	28.621529	1499.907245
0.953989	13.525826	4.535284	28.424592	28.626329	1499.691102
0.956235	13.422700	4.506201	28.422436	28.619101	1499.784646
0.958468	13.428927	4.520593	28.423130	28.630505	1499.944712
0.960704	13.690600	4.520533	28.423661	28.622479	1499.094643
0.962943	13.692337	4.520778	28.422475	28.617673	1499.599311
0.965184	13.725976	4.495093	28.421338	28.613306	1499.330074
0.967422	13.522713	4.513428	28.425097	28.624528	1499.437700
0.969725	13.498200	4.506080	28.428140	28.614307	1500.723323
0.971963	13.521099	4.524176	28.427568	28.622975	1499.407090
0.974197	13.624226	4.495212	28.423604	28.622496	1499.356842
0.976429	13.792350	4.476934	28.424714	28.615740	1499.930456
0.978662	13.726213	4.517254	28.427173	28.627099	1500.018113
0.980896	13.521099	4.517012	28.422146	28.622491	1500.787457
0.983136	13.358063	4.535529	28.420099	28.619127	1499.322095
0.985370	13.491951	4.487688	28.419861	28.611893	1499.435578
0.987678	13.556475	4.498617	28.422604	28.620550	1500.020861
0.989916	13.521099	4.506258	28.424138	28.620557	1500.113146
0.992154	13.656725	4.487748	28.424406	28.625991	1499.899771
0.994386	13.656725	4.513425	28.425775	28.627128	1499.912348
0.996620	13.729326	4.498735	28.428032	28.626347	1501.402629
0.998853	13.359676	4.528059	28.425514	28.626834	1500.038759
1.001085	13.524450	4.495033	28.426405	28.623927	1500.197745
1.003319	13.822875	4.491391	28.424408	28.618066	1500.092166
1.005556	13.999338	4.476937	28.428693	28.630983	1499.721585
1.007797	13.966939	4.455426	28.426768	28.616230	1498.938548
1.010102	13.530914	4.498910	28.424222	28.626827	1500.920133
1.012335	13.621236	4.506143	28.426685	28.619608	1500.140240
1.014568	13.728087	4.495093	28.424056	28.616226	1500.608850
1.016805	13.621112	4.491331	28.421803	28.618635	1499.855618
1.019038	13.558213	4.516891	28.422128	28.619602	1500.055473
1.021271	13.469052	4.520772	28.425230	28.631546	1499.730689
1.023504	13.756738	4.487688	28.422619	28.614783	1499.987216
1.025742	13.427099	4.524297	28.420549	28.617185	1500.226661
1.027974	13.427314	4.505962	28.421969	28.626996	1500.134458
1.030216	13.860225	4.473350	28.423643	28.619607	1500.413942
1.032454	13.428712	4.531580	28.421496	28.615276	1500.055091
1.034687	13.895714	4.480462	28.421666	28.617665	1500.233206
1.036929	13.488837	4.513310	28.418803	28.604676	1499.558726
1.039166	13.824613	4.480518	28.420200	28.619595	1501.280106
1.041408	13.721249	4.502378	28.420724	28.617015	1499.512340
1.043645	13.756738	4.495033	28.421467	28.624899	1499.542605
1.045878	13.621112	4.505844	28.421756	28.614772	1500.202748
1.048111	13.789000	4.473350	28.417738	28.607542	1499.817428
1.050344	13.722863	4.498794	28.423378	28.616712	1501.150699
1.052586	13.293538	4.455484	28.418129	28.614624	1499.363383
1.054819	13.365903	4.419977	28.413736	28.611856	1500.981913
1.057057	13.268789	4.423615	28.416086	28.620507	1500.095176
1.059294	13.493452	4.419866	28.414746	28.608952	1499.154751
1.061599	13.556712	4.416506	28.418619	28.615069	1500.153935
1.063907	13.422700	4.437731	28.421698	28.628380	1500.212018
1.066215	13.624226	4.413369	28.420361	28.615514	1501.046207
1.068458	13.456575	4.509725	28.426007	28.631621	1500.732006
1.070691	13.554975	4.480462	28.432156	28.627295	1499.785767
1.072932	13.654988	4.476876	28.428404	28.629718	1499.991740
1.075240	13.496463	4.509725	28.429546	28.617672	1500.362627
1.077473	13.758475	4.487984	28.426915	28.613336	1499.644060
1.079782	13.621112	4.484046	28.423471	28.606589	1501.226293
1.082015	13.559938	4.498617	28.422794	28.611878	1500.795465
1.084320	13.590351	4.520595	28.422608	28.621521	1499.900566
1.086556	13.601902	4.484161	28.417028	28.607572	1501.055841
1.088865	13.619499	4.484276	28.423134	28.617505	1499.471070
1.091103	13.622850	4.494973	28.421951	28.615276	1500.618288
1.093336	13.894100	4.451785	28.421103	28.613838	1499.435499
1.095568	13.826487	4.441203	28.420985	28.615265	1501.917606
1.097873	13.295151	4.498676	28.419533	28.608531	1500.019242
1.100172	13.894100	4.448201	28.420192	28.611887	1500.455480
1.102405	13.524213	4.487981	28.422675	28.609490	1500.275480
1.104638	13.826350	4.473351	28.425564	28.624974	1499.242414
1.106871	13.551749	4.477173	28.425552	28.619600	1499.807729
1.109180	13.553362	4.498617	28.422951	28.615738	1499.277242
1.111480	13.792350	4.455657	28.427375	28.623926	1500.125071
1.113779	13.792350	4.466008	28.427260	28.623945	1500.403831
1.116078	13.688987	4.462651	28.423924	28.609458	1499.707835
1.118378	13.760212	4.462653	28.423779	28.614311	1500.129338
1.120681	13.661452	4.473350	28.420095	28.621518	1499.151790
1.122981	13.688987	4.459015	28.424571	28.614793	1500.997053
1.125286	13.559938	4.448485	28.423447	28.618158	1499.674646
1.127586	13.660075	4.480752	28.425020	28.620565	1499.720631
1.129885	13.624226	4.437673	28.424615	28.609471	1498.573031
1.132189	13.755001	4.466411	28.424020	28.612564	1500.393635
1.134488	13.824613	4.426976	28.421587	28.608523	1498.871853
1.136722	13.756738	4.466123	28.420555	28.618146	1499.990235
1.139021	13.554975	4.495387	28.422224	28.617740	1501.263872
1.141325	13.862099	4.455600	28.420841	28.609009	1499.183760
1.143629	13.755001	4.440974	28.422344	28.610604	1500.339574
1.145862	13.685637	4.462596	28.421672	28.607561	1498.298293
1.148170	13.653375	4.499266	28.425324	28.629706	1499.896687
1.150475	13.758475	4.441426	28.427478	28.618152	1500.019651
1.152782	13.619499	4.462651	28.424474	28.621523	1499.942361
1.155082	13.961851	4.420034	28.424234	28.613808	1500.712882
1.157387	13.756738	4.451897	28.426239	28.622784	1500.904605
1.159691	13.824613	4.459187	28.422965	28.615548	1500.342493
1.161991	13.556588	4.487921	28.423341	28.609485	1499.240643
1.164295	13.330415	4.487690	28.424093	28.615712	1499.981544
1.166603	13.659951	4.455369	28.422158	28.622008	1500.068664
1.168903	13.629314	4.469649	28.427160	28.621504	1499.825349
1.171135	13.554975	4.459066	28.423427	28.623016	1499.817037
1.173368	13.792350	4.444843	28.423765	28.614787	1500.215667
1.175673	13.559826	4.466065	28.423879	28.616228	1500.468294
1.177910	13.454962	4.462424	28.424762	28.614794	1498.796189
1.180143	13.721125	4.448541	28.425463	28.637781	1500.246302
1.182381	13.522837	4.473353	28.422827	28.609958	1500.399043
1.184684	13.965463	4.412976	28.423593	28.618476	1500.897630
1.186917	13.519486	4.473235	28.423465	28.608534	1499.720086
1.189222	13.997464	4.381507	28.423428	28.612857	1499.798827
1.191526	13.522713	4.441088	28.422908	28.616221	1500.609372
1.193759	13.790613	4.448312	28.422238	28.604181	1499.524995
1.195992	13.926239	4.423450	28.418309	28.605506	1500.289940
1.198225	13.794225	4.448315	28.422030	28.621991	1499.270003
1.200458	13.905652	4.430735	28.421656	28.611895	1500.716612
1.202691	13.863713	4.416449	28.422350	28.616206	1500.380339
1.204928	13.963726	4.430507	28.424223	28.605147	1500.667267
1.207165	13.688987	4.451727	28.422973	28.615761	1500.656967
1.209403	13.824613	4.427584	28.418790	28.602706	1500.502235
1.211649	13.822875	4.426863	28.422550	28.619203	1499.614096
1.213891	13.487224	4.448258	28.422152	28.617956	1499.903150
1.216199	13.824613	4.423725	28.425000	28.621537	1499.584052
1.218504	13.894100	4.409338	28.425255	28.606108	1500.278571
1.220737	13.692213	4.434202	28.422794	28.619115	1500.472428
1.222974	13.792350	4.419921	28.424501	28.616396	1498.553655
1.225207	13.458076	4.430560	28.425140	28.609003	1501.626132
1.227454	13.662074	4.409392	28.423345	28.616045	1500.308664
1.229691	13.553362	4.444672	28.426326	28.611374	1500.077343
1.231924	13.693951	4.426977	28.429544	28.616216	1500.459883
1.234157	13.726213	4.423728	28.426976	28.617961	1499.013061
1.236394	13.760088	4.441088	28.423616	28.608997	1501.118350
1.238632	14.011938	4.388450	28.422284	28.612853	1499.959003
1.240865	13.756738	4.444843	28.421759	28.607061	1501.085688
1.243106	14.033076	4.392087	28.422686	28.613339	1500.559810
1.245344	13.653375	4.405920	28.421493	28.609986	1499.842418
1.247590	13.999201	4.374945	28.424130	28.631258	1498.863574
1.249828	13.860225	4.423393	28.430923	28.626333	1499.486402
1.252061	13.756738	4.426920	28.428192	28.608033	1498.587565
1.254294	13.892363	4.406370	28.424170	28.615766	1499.603845
1.256535	14.139914	4.361158	28.421486	28.605639	1499.932941
1.258840	13.861838	4.402337	28.419737	28.610936	1499.690949
1.261073	13.931587	4.412922	28.423462	28.604672	1499.965177
1.263310	13.933325	4.399253	28.418496	28.607070	1500.475346
1.265548	13.787263	4.413315	28.420199	28.615559	1499.283611
1.267847	13.660075	4.430392	28.419371	28.610463	1499.618152
1.270080	13.824613	4.423561	28.419803	28.598413	1499.365033
1.272327	13.963588	4.374833	28.425535	28.617191	1499.543608
1.274564	13.822875	4.402448	28.422384	28.603217	1500.770097
1.276801	14.072300	4.350583	28.425785	28.609001	1500.356971
1.279039	13.824613	4.406083	28.422211	28.614300	1500.122922
1.281276	13.797575	4.420422	28.422861	28.614423	1500.560259
1.283580	13.719512	4.402788	28.425151	28.614778	1500.507456
1.285813	13.792350	4.381777	28.423684	28.607559	1499.814588
1.288045	13.651762	4.423843	28.423370	28.609000	1500.061305
1.290350	13.619499	4.388504	28.422077	28.609465	1499.275375
1.292584	13.894100	4.395506	28.424235	28.611905	1499.676125
1.294887	13.822875	4.385033	28.424238	28.607077	1500.303400
1.297187	13.690600	4.388614	28.423050	28.595987	1500.548550
1.299496	13.755125	4.402671	28.423169	28.614295	1500.187808
1.301803	13.755125	4.409392	28.422493	28.608537	1499.318096
1.304103	13.655112	4.413034	28.421163	28.606589	1498.809965
1.306398	13.858364	4.385087	28.421050	28.607563	1500.468945
1.308631	13.892363	4.388667	28.416614	28.601303	1499.368072
1.310936	13.792350	4.385199	28.420817	28.617488	1499.901197
1.313240	13.824613	4.395394	28.421937	28.610758	1500.137956
1.315473	13.788876	4.402394	28.419761	28.614786	1499.615780
1.317710	13.963588	4.343856	28.422075	28.603718	1502.386829
1.319943	13.899325	4.385571	28.420444	28.610729	1499.510683
1.322181	13.787263	4.385250	28.419871	28.597421	1501.195572
1.324488	14.004426	4.374777	28.425437	28.622975	1500.734054
1.326793	13.787263	4.360947	28.423488	28.609013	1500.291218
1.329101	13.760088	4.399033	28.421588	28.607072	1499.647330
1.331339	13.860225	4.388504	28.421389	28.609008	1500.046904
1.333576	13.894238	4.364308	28.420029	28.604195	1499.946006
1.335814	13.790737	4.395395	28.419093	28.599842	1499.574060
1.338047	13.895714	4.364630	28.418919	28.600322	1499.588423
1.340355	14.033076	4.357473	28.421243	28.608998	1501.142070
1.342659	13.892363	4.367944	28.422664	28.613315	1499.100256
1.344896	13.789000	4.364524	28.419395	28.602747	1499.918384
1.347192	13.899325	4.374833	28.418869	28.603221	1499.810599
1.349496	13.687250	4.388617	28.416870	28.605167	1500.094614
1.351800	13.824613	4.371578	28.419661	28.610277	1500.291116
1.354033	13.687374	4.360945	28.416932	28.604953	1499.747552
1.356337	14.034951	4.340753	28.417010	28.608048	1500.123009
1.358574	14.141925	4.320194	28.417902	28.602748	1501.085550
1.360878	13.829837	4.344228	28.418267	28.605636	1500.775248
1.363116	13.826350	4.371090	28.417987	28.604969	1500.425422
1.365348	13.760349	4.378251	28.419440	28.611394	1500.753555
1.367653	13.863713	4.367834	28.418611	28.605160	1499.270704
1.369952	13.827963	4.367939	28.418378	28.609022	1500.808758
1.372252	14.104301	4.340649	28.420077	28.603869	1499.139133
1.374551	13.966939	4.360890	28.422884	28.603141	1499.823369
1.376860	13.722863	4.357526	28.425719	28.609495	1501.131055
1.379151	13.685637	4.360836	28.425324	28.613324	1499.794159
1.381454	13.824613	4.364472	28.423869	28.611412	1499.124567
1.383750	13.826226	4.358014	28.420373	28.601775	1499.029894
1.386053	13.963588	4.337019	28.419640	28.603238	1498.992767
1.388358	13.997464	4.357688	28.415721	28.607384	1500.888212
1.390652	13.827963	4.343801	28.425265	28.618144	1498.983389
1.392885	13.653375	4.367672	28.423667	28.604946	1499.292065
1.395185	13.789000	4.361050	28.420896	28.612871	1499.947668
1.397476	13.822875	4.347271	28.422471	28.608021	1500.812118
1.399784	13.793963	4.385646	28.423003	28.610936	1499.278290
1.402022	13.724600	4.290373	28.415233	28.597247	1500.128007
1.404313	13.726213	4.283646	28.412553	28.607558	1500.559793
1.406613	13.755125	4.300316	28.412368	28.605929	1498.806387
1.408912	13.621112	4.267133	28.411684	28.597921	1500.760297
1.411212	13.653375	4.283803	28.408520	28.583871	1499.840992
1.413506	13.790613	4.247605	28.414021	28.606874	1499.958854
1.415811	13.553362	4.280383	28.412638	28.600112	1499.629004
1.418116	13.928113	4.354055	28.420279	28.628754	1500.498536
1.420349	13.967337	4.326873	28.426639	28.618156	1500.431461
1.422648	13.965463	4.337284	28.426672	28.616048	1500.169600
1.424948	13.822875	4.354213	28.425513	28.606591	1499.353050
1.427247	13.787263	4.330554	28.425426	28.614309	1500.367770
1.429547	13.967200	4.357580	28.422098	28.604184	1499.478693
1.431847	13.858488	4.340649	28.424509	28.610924	1499.029398
1.434146	13.753388	4.344013	28.421400	28.612379	1499.902897
1.436446	13.856751	4.350691	28.421344	28.610438	1499.477956
1.438753	13.895838	4.320247	28.422460	28.607286	1499.691713
1.441049	13.892363	4.340543	28.423271	28.608050	1500.199487
1.443349	13.827963	4.326873	28.422132	28.611892	1500.482506
1.445652	14.181149	4.323927	28.424389	28.616693	1500.413288
1.447957	13.967076	4.337229	28.422155	28.609006	1500.468508
1.450261	13.926239	4.333867	28.422507	28.605140	1500.665320
1.452564	14.066952	4.347219	28.420695	28.608527	1501.298415
1.454869	13.894100	4.320353	28.417319	28.600826	1499.323438
1.457177	13.685637	4.333762	28.421774	28.615273	1500.318304
1.459409	13.865189	4.320195	28.420293	28.601788	1500.972865
1.461714	14.034813	4.337071	28.424008	28.618145	1500.228877
1.463947	13.892363	4.320458	28.425416	28.619113	1500.636285
1.466180	13.753388	4.357418	28.426802	28.616983	1500.517833
1.468488	13.926239	4.347326	28.423696	28.614308	1500.053750
1.470793	14.068689	4.303476	28.420908	28.602274	1498.840014
1.473030	13.968813	4.323612	28.420625	28.602267	1500.291278
1.475268	14.036688	4.320455	28.419545	28.610441	1501.447938
1.477505	13.997464	4.311243	28.421712	28.599872	1500.551430
1.479805	13.892363	4.350583	28.422720	28.618764	1499.798210
1.482038	14.140051	4.333814	28.419790	28.603239	1498.493711
1.484271	13.858488	4.313776	28.419847	28.614563	1500.022613
1.486575	14.140051	4.287115	28.419239	28.598398	1500.505724
1.488808	14.001075	4.317192	28.420231	28.611903	1500.544290
1.491111	14.179275	4.293535	28.420592	28.601309	1500.354645
1.493344	14.173789	4.290273	28.416321	28.598415	1499.619754
1.495653	14.034951	4.306890	28.417529	28.604194	1499.829559
1.497957	13.927976	4.304047	28.416711	28.606106	1499.870293
1.500190	13.963726	4.313619	28.419301	28.604196	1499.542208
1.502423	14.034951	4.286960	28.420112	28.602763	1499.943612
1.504656	13.961851	4.326976	28.418654	28.607567	1501.699193
1.506889	13.927976	4.293690	28.417144	28.598899	1500.873280
1.509122	14.034951	4.296950	28.417769	28.603709	1499.433151
1.511360	14.143952	4.283593	28.416599	28.603705	1500.100147
1.513593	14.070563	4.290378	28.416164	28.601795	1500.831797
1.515826	13.789000	4.313518	28.417366	28.599368	1501.704764
1.518134	14.068826	4.310258	28.413988	28.592137	1499.673495
1.520372	13.892363	4.330656	28.422388	28.612379	1499.837244
1.522609	14.031339	4.273758	28.419275	28.598419	1500.529458
1.524912	14.138177	4.270394	28.419236	28.603704	1500.801546
1.527217	14.106176	4.283905	28.418857	28.598407	1499.601064
1.529450	13.995726	4.307048	28.417499	28.604182	1499.571690
1.531683	14.106176	4.300162	28.418256	28.601788	1499.826728
1.533916	14.033076	4.290271	28.418767	28.601781	1499.523623
1.536153	14.070563	4.270293	28.416821	28.600332	1499.592595
1.538386	14.068826	4.330449	28.413195	28.603234	1500.965517
1.540691	14.034951	4.306943	28.416086	28.606099	1499.154960
1.542998	14.072300	4.303525	28.417237	28.611419	1500.187295
1.545303	14.002688	4.290375	28.416307	28.602772	1499.309180
1.547536	14.038301	4.317038	28.416556	28.607353	1499.552757
1.549835	14.140051	4.270543	28.419628	28.609322	1502.541953
1.552068	14.138177	4.277021	28.420040	28.616717	1500.320982
1.554368	14.361376	4.267183	28.421693	28.608046	1500.799495
1.556601	13.997464	4.313620	28.419332	28.602249	1499.527859
1.558908	14.031339	4.283903	28.419047	28.604005	1501.315513
1.561214	14.175664	4.280385	28.418894	28.599848	1498.677623
1.563522	13.961851	4.250768	28.417720	28.599870	1500.696170
1.565759	14.068689	4.293893	28.413775	28.596498	1499.965403
1.568067	14.036688	4.257496	28.413135	28.593129	1499.606587
1.570372	13.997464	4.286908	28.415968	28.602267	1500.754333
1.572605	13.929850	4.267181	28.417291	28.619380	1499.931548
1.574842	13.995726	4.280231	28.418613	28.611422	1499.511370
1.577080	13.892363	4.296796	28.416975	28.599854	1500.458393
1.579384	14.175664	4.244390	28.417013	28.603222	1500.610153
1.581625	14.211276	4.257444	28.413588	28.596489	1500.095359
1.583925	14.149438	4.273961	28.414062	28.605634	1500.454536
1.586158	14.284375	4.247456	28.414054	28.599383	1500.994226
1.588462	14.031339	4.257344	28.413751	28.599354	1500.589078
1.590765	13.960114	4.274010	28.409493	28.591681	1499.840970
1.593070	14.211276	4.241081	28.413387	28.604031	1499.680823
1.595302	14.143663	4.254483	28.415337	28.606123	1500.398545
1.597607	14.066952	4.270443	28.412931	28.595042	1501.132872
1.599840	14.068689	4.237818	28.412897	28.600640	1500.777940
1.602072	13.995726	4.280382	28.416859	28.610311	1499.479764
1.604377	14.177538	4.254080	28.413799	28.604040	1499.899117
1.606685	14.175664	4.270395	28.412914	28.596006	1500.295469
1.608990	14.066952	4.280283	28.414042	28.594555	1499.930342
1.611289	14.106176	4.247605	28.414526	28.605950	1500.619475
1.613522	13.929850	4.287063	28.410526	28.601793	1499.449957
1.615831	14.213150	4.257243	28.413176	28.600803	1500.004803
1.618068	14.250637	4.247703	28.412073	28.594567	1500.530968
1.620300	14.104438	4.276970	28.413708	28.600349	1500.484751
1.622605	14.068689	4.257445	28.414199	28.618083	1500.171730
1.624837	14.102564	4.241380	28.413649	28.600056	1501.173426
1.627142	14.138177	4.250718	28.412850	28.598411	1500.888629
1.629374	14.141788	4.228277	28.411881	28.602564	1499.214080
1.631670	14.068826	4.264122	28.411321	28.599859	1499.571657
1.633970	14.323889	4.240981	28.414844	28.607556	1499.916159
1.636274	14.284375	4.237968	28.415734	28.605162	1499.993622
1.638582	14.175664	4.240981	28.411923	28.600822	1499.914038
1.640886	14.215177	4.225064	28.411962	28.604191	1499.762225
1.643195	13.997464	4.306943	28.418550	28.604672	1500.725365
1.645432	14.143663	4.244342	28.414542	28.598416	1500.440248
1.647732	14.325611	4.231634	28.415285	28.610290	1501.087200
1.649973	14.138177	4.234752	28.413358	28.594084	1499.956649
1.652278	14.140051	4.228178	28.414310	28.603505	1499.720870
1.654577	13.997464	4.270697	28.418944	28.604193	1500.394039
1.656880	14.102564	4.254131	28.417354	28.598894	1500.785825
1.659189	14.213150	4.224964	28.415644	28.597926	1499.133812
1.661422	14.284375	4.234653	28.416892	28.602265	1498.734962
1.663727	13.866689	4.274013	28.414871	28.609006	1500.859448
1.665968	14.173789	4.215276	28.415320	28.607089	1497.527102
1.668268	13.893976	4.260855	28.417147	28.616231	1499.634366
1.670506	14.066952	4.273708	28.418002	28.601295	1500.994769
1.672810	14.104301	4.244593	28.413242	28.592167	1500.246360
1.675109	14.140051	4.257344	28.416532	28.605605	1499.659372
1.677418	14.173789	4.228524	28.417567	28.603486	1499.813081
1.679722	14.068689	4.234653	28.420522	28.604681	1499.450561
1.682021	14.173789	4.218588	28.416096	28.602746	1500.632694
1.684330	13.995726	4.250921	28.417577	28.607552	1500.200314
1.686634	14.104438	4.234604	28.415719	28.598295	1501.851144
1.688866	14.175664	4.225114	28.412737	28.592003	1499.823785
1.691171	14.066952	4.244543	28.419075	28.612374	1500.806398
1.693475	13.997464	4.254129	28.420682	28.602274	1499.030671
1.695774	14.284375	4.215566	28.416810	28.596505	1498.704813
1.698077	14.250637	4.277170	28.414471	28.598896	1500.296303
1.700373	14.179275	4.247703	28.414337	28.595035	1500.214785
1.702678	14.073913	4.241228	28.417532	28.604681	1500.082181
1.704977	14.140051	4.234506	28.416491	28.606444	1500.847969
1.707281	14.246889	4.208949	28.414699	28.596971	1501.149843
1.709581	14.394962	4.208997	28.413989	28.603223	1500.717592
1.711880	14.213150	4.241226	28.413787	28.601149	1499.791157
1.714180	14.138177	4.241274	28.414299	28.596010	1500.245004
1.716480	14.102564	4.241130	28.411632	28.603696	1501.147140
1.718779	14.173789	4.225111	28.414573	28.606127	1499.328213
1.721012	14.066952	4.238161	28.412181	28.595057	1499.197244
1.723250	14.140051	4.202713	28.412398	28.593892	1500.950682
1.725554	14.248763	4.212064	28.413570	28.596314	1500.965379
1.727787	14.319988	4.199357	28.414446	28.604983	1500.457277
1.730020	14.252664	4.205784	28.415040	28.603724	1500.094377
1.732319	14.211276	4.218732	28.413671	28.601778	1500.634944
1.734552	14.209402	4.234555	28.412759	28.599367	1499.399619
1.736856	14.033213	4.218682	28.410257	28.599183	1499.680508
1.739089	14.139914	4.202667	28.409981	28.599370	1500.907857
1.741327	14.359349	4.208947	28.411085	28.596978	1499.736553
1.743626	14.216762	4.225207	28.416462	28.607898	1498.796730
1.745859	14.396988	4.208851	28.418950	28.600832	1499.992277
1.748167	14.173789	4.218490	28.416886	28.600836	1500.123085
1.750472	14.284375	4.208946	28.417029	28.604198	1499.418151
1.752775	13.997464	4.140164	28.410447	28.591770	1498.943571
1.755080	14.213150	4.158499	28.408884	28.600456	1499.530664
1.757380	14.066952	4.133836	28.410324	28.591048	1499.426156
1.759680	13.892363	4.146260	28.412609	28.611889	1499.885471
1.761988	14.033076	4.134205	28.411547	28.595708	1500.259063
1.764283	14.104301	4.136907	28.410453	28.602891	1498.865834
1.766579	14.068826	4.155658	28.412227	28.604181	1500.852959
1.768883	14.248763	4.224916	28.422478	28.623931	1498.658794
1.771116	14.250637	4.212500	28.426348	28.612369	1499.198786
1.773348	14.432449	4.180368	28.427257	28.617183	1499.821343
1.775653	14.102564	4.221801	28.426339	28.612377	1500.271131
1.777961	14.286250	4.202809	28.422690	28.611733	1500.637102
1.780266	14.361376	4.196674	28.423547	28.616715	1498.789073
1.782565	14.252664	4.186886	28.421780	28.604681	1500.528354
1.784798	14.211276	4.225209	28.420244	28.603705	1499.028069
1.787106	14.104438	4.202569	28.420489	28.604666	1500.921383
1.789339	14.215025	4.209046	28.423775	28.618461	1499.559191
1.791644	14.175664	4.206121	28.423174	28.609013	1500.217928
1.793877	14.140051	4.215470	28.423174	28.618163	1499.065725
1.796110	14.359349	4.161617	28.418788	28.608031	1499.074978
1.798342	14.245014	4.208946	28.418225	28.598408	1499.529877
1.800580	14.211276	4.196385	28.418433	28.609508	1499.226171
1.802879	14.138177	4.202569	28.421055	28.602741	1498.922313
1.805184	14.434475	4.177585	28.418119	28.605136	1500.848936
1.807492	14.066952	4.202762	28.413751	28.597840	1500.861810
1.809734	14.359349	4.180557	28.417850	28.605130	1498.506909
1.812034	14.246889	4.183486	28.418565	28.604664	1500.415085
1.814267	14.394962	4.180557	28.417181	28.603228	1499.164390
1.816566	14.396988	4.164781	28.415379	28.594087	1498.893817
1.818874	14.436349	4.193314	28.420883	28.609486	1500.572672
1.821174	14.398862	4.202762	28.416552	28.599849	1500.099567
1.823474	14.215177	4.177251	28.419957	28.605626	1500.553479
1.825773	14.282501	4.208947	28.419248	28.607558	1499.823596
1.828073	14.173789	4.193075	28.418067	28.606110	1500.170184
1.830372	14.319988	4.158499	28.415399	28.594527	1499.362856
1.832672	14.284375	4.177584	28.417072	28.614305	1499.993211
1.834905	14.284375	4.209092	28.416287	28.596013	1500.772090
1.837208	14.319988	4.168130	28.417303	28.609967	1498.967708
1.839442	14.396836	4.164827	28.417217	28.605165	1499.464756
1.841679	14.284375	4.174276	28.415550	28.593588	1500.545154
1.843983	14.323889	4.193172	28.417273	28.605637	1501.791393
1.846287	14.284375	4.174421	28.415277	28.598889	1499.164220
1.848520	14.440250	4.183822	28.412946	28.609498	1500.489625
1.850820	14.432449	4.208949	28.416074	28.596497	1499.675214
1.853129	14.394962	4.205880	28.414248	28.596484	1499.194380
1.855436	14.469936	4.146308	28.413962	28.598417	1500.893573
1.857741	14.319988	4.168133	28.415386	28.600840	1499.434360
1.859973	14.394962	4.171064	28.414221	28.608340	1499.190829
1.862278	14.321862	4.180464	28.412763	28.600336	1499.902013
1.864586	14.248763	4.167852	28.412324	28.597938	1499.764514
1.866890	14.214888	4.193173	28.414075	28.596496	1498.581205
1.869123	14.321862	4.152499	28.410639	28.601607	1499.893190
1.871423	14.394962	4.167994	28.412915	28.599854	1501.600476
1.873726	14.282501	4.183581	28.414498	28.599849	1501.363982
1.875960	14.245014	4.171065	28.415257	28.601774	1500.396691
1.878260	14.471962	4.164781	28.418059	28.602265	1499.739381
1.880559	14.394962	4.187039	28.416659	28.605152	1498.534642
1.882863	14.432449	4.170922	28.411927	28.592158	1499.530171
1.885163	14.284375	4.187228	28.411380	28.599382	1498.899700
1.887396	14.319988	4.286151	28.414770	28.600336	1501.291305
1.889687	14.471962	5.177776	28.415525	28.595514	1500.374465
1.891920	14.250637	4.996720	28.418393	28.597937	1498.388198
1.894224	14.513349	4.847844	28.415547	28.602220	1499.709122
1.896532	14.544909	4.762815	28.418933	28.600812	1499.383883
1.898840	14.507422	4.498402	28.411749	28.602992	1497.602050
1.901145	13.995726	4.109265	28.418305	28.600375	1499.704762
1.903377	14.175664	4.064397	28.419581	28.611897	1499.892676
1.905673	14.284375	4.040755	28.425098	28.599639	1499.633029
1.907972	14.102564	4.079580	28.431423	28.609597	1500.516957
1.910272	14.102564	4.061287	28.440955	28.631286	1501.413668
1.912571	14.102564	4.079267	28.435259	28.622782	1499.243040
1.914879	14.175664	4.067164	28.434744	28.625091	1499.777121
1.917184	14.288124	4.046551	28.440233	28.631067	1500.303925
1.919421	14.140051	4.034792	28.439723	28.633957	1499.885067
1.921725	14.138177	4.034708	28.440249	28.626456	1499.661610
1.923959	14.034951	4.026018	28.448214	28.637864	1499.975497
1.926190	14.359349	4.432131	28.442081	28.628732	1500.665579
1.928487	14.286250	4.304612	28.422343	28.617138	1500.481002
1.930724	14.511475	4.668891	28.416509	28.663219	1498.733476
1.932961	14.896475	5.074519	28.412228	28.641700	1501.736139
1.935194	15.140140	5.276802	28.421495	28.626210	1500.943862
1.937498	16.013072	5.550614	28.422113	28.617326	1499.920264
1.939798	15.930312	5.761862	28.394932	28.726922	1500.312109
1.942101	15.608466	5.399031	28.393805	28.744455	1490.489066
1.944406	14.882684	5.512983	28.376868	28.776055	1499.107443
1.946647	14.125790	5.556115	28.383437	28.809960	1501.759221
1.948881	14.467068	5.485441	28.391347	28.828005	1501.628880
1.951114	14.005367	5.590496	28.389160	28.795945	1500.836937
1.953418	14.771946	5.421114	28.388327	28.800626	1499.666240
1.955655	14.014748	5.607898	28.383186	28.816402	1500.478291
1.957893	15.238453	5.409915	28.382394	28.831491	1497.448256
1.960134	14.827766	5.441751	28.380512	28.846784	1501.797289
1.962439	13.758625	5.093683	28.374390	28.852205	1501.400421
1.964734	13.936675	5.160469	28.383723	28.852300	1499.444896
1.967034	14.061526	5.106536	28.397952	28.802211	1495.565197
1.969333	12.528938	5.207435	28.425163	28.763516	1501.559265
1.971566	14.155638	5.070484	28.458234	28.762678	1501.626461
1.973869	13.532331	5.292251	28.450110	28.786767	1500.999813
1.976174	13.862877	5.497945	28.420775	28.823296	1500.521271
1.978478	14.483985	5.207954	28.425343	28.773793	1496.892907
1.980782	14.314336	9.307010	28.460439	28.766998	1501.535837
1.983019	14.147465	8.759305	28.476449	28.775881	1501.125323
1.985318	13.352631	4.969494	28.496762	28.752580	1498.840859
1.987614	13.877296	5.244699	28.476705	28.709686	1502.119253
1.989847	13.900564	5.262893	28.448174	28.675445	1499.976301
1.992151	14.550836	4.973963	28.440791	28.665815	1500.572397
1.994455	13.792612	4.970358	28.446600	28.682018	1499.131000
1.996693	12.381456	5.184026	28.415178	28.715476	1501.674193
1.998997	12.734079	5.016085	28.413041	28.752678	1497.496159
2.001297	12.289767	5.112114	28.397912	28.756967	1499.547257
2.003534	15.527244	7.569773	28.402447	28.760112	1499.563307
2.005834	12.664769	5.001274	28.429911	28.725546	1503.014679
2.008066	12.848137	4.988414	28.417938	28.793996	1499.141933
2.010365	13.907763	4.906556	28.394077	28.847137	1500.075483
2.012670	13.127303	5.103512	28.399614	28.850391	1497.714069
2.014903	14.074175	4.865342	28.419015	28.801768	1500.138987
2.017207	13.673642	4.745571	28.427155	28.779404	1500.200016
2.019502	14.200443	5.169235	28.439037	28.777068	1499.722930
2.021793	14.530139	5.261723	28.473699	28.745736	1500.712930
2.024088	13.455780	4.348390	28.478780	28.726552	1499.571241
2.026392	12.122260	4.488717	28.492326	28.714511	1500.012600
2.028696	12.685486	4.428326	28.507159	28.709398	1500.409296
2.030999	13.231971	4.361531	28.522467	28.709690	1500.728569
2.033233	13.109375	4.375808	28.531559	28.712563	1500.635423
2.035470	13.044410	4.371634	28.536424	28.700530	1500.241296
2.037775	12.165527	4.443435	28.540660	28.709695	1500.199729
2.040012	12.485008	4.434883	28.543387	28.713553	1499.716134
2.042316	11.793691	4.503654	28.545963	28.706790	1499.271594
2.044624	12.565194	4.431257	28.545054	28.700538	1500.163176
2.046920	11.381290	4.549290	28.548067	28.705342	1500.906732
2.049153	10.769108	4.592296	28.547694	28.709196	1499.256628
2.051390	12.267629	4.458162	28.548967	28.708227	1499.574398
2.053628	10.795323	4.577006	28.549149	28.712089	1500.190930
2.055935	12.565230	4.409386	28.546551	28.699567	1500.222759
2.058231	10.540556	4.588601	28.548516	28.699072	1500.276780
2.060535	11.454969	4.525737	28.548804	28.697656	1500.470076
2.062835	10.878520	4.580704	28.548518	28.699094	1500.565819
2.065135	13.788893	4.335084	28.551099	28.703904	1498.463898
2.067367	10.809725	4.606863	28.550657	28.693788	1499.868898
2.069662	11.444385	4.508444	28.548979	28.695246	1500.158945
2.071896	11.023451	4.554407	28.551229	28.705337	1499.409669
2.074200	13.747127	4.246691	28.550682	28.688391	1497.353918
2.076499	12.045006	4.479326	28.554388	28.700042	1499.541878
2.078731	12.626362	4.376269	28.550697	28.693758	1497.989889
2.081028	11.296706	4.514490	28.551462	28.701501	1500.694738
2.083327	12.164183	4.477227	28.549773	28.694254	1499.981962
2.085630	11.247189	4.514889	28.548049	28.696689	1501.100930
2.087930	12.381364	4.423270	28.548747	28.699088	1499.931087
2.090226	13.603059	4.296455	28.547690	28.690907	1499.649030
2.092526	13.587034	4.213597	28.548782	28.689917	1501.680790
2.094825	11.408387	4.508185	28.548692	28.684145	1499.900195
2.097125	10.912423	4.525852	28.549084	28.701490	1500.246261
2.099424	13.385008	4.350788	28.549848	28.694755	1500.168215
2.101662	13.902302	4.141607	28.542271	28.657995	1499.485998
2.103966	13.931326	4.123522	28.524501	28.640389	1500.460270
2.106266	13.697188	4.218231	28.519978	28.661959	1500.233013
2.108512	12.991669	4.311441	28.519946	28.661168	1500.576356
2.110817	14.038164	4.128470	28.514959	28.641885	1500.695956
2.113121	14.104301	4.083223	28.510519	28.669682	1499.979235
2.115421	13.648180	4.180278	28.515353	28.665823	1500.065387
2.117725	11.844001	4.394729	28.522641	28.681725	1500.664344
2.119961	10.858373	4.536234	28.536515	28.688500	1499.737969
2.122257	13.337397	4.330148	28.544517	28.692833	1498.855547
2.124548	13.517384	4.329802	28.540581	28.685118	1500.380775
2.126852	13.050671	4.383247	28.543517	28.681747	1500.214019
2.129085	12.264351	4.442493	28.543321	28.678841	1500.319672
2.131388	13.936177	4.255571	28.541707	28.675470	1500.224416
2.133693	14.471962	4.055627	28.534427	28.670106	1499.603656
2.135993	13.502021	4.308831	28.537219	28.677884	1500.744737
2.138292	13.806005	4.222200	28.532402	28.669089	1500.303791
2.140601	14.396836	4.138149	28.533238	28.672563	1500.244319
2.142905	14.053564	4.208201	28.538408	28.678358	1499.903691
2.145204	13.746480	4.268992	28.533142	28.672091	1500.592828
2.147504	10.986764	4.531940	28.532791	28.667777	1500.725663
2.149737	14.370060	4.123504	28.532380	28.667159	1500.484932
2.151970	12.551869	4.378631	28.537365	28.676458	1500.724150
2.154269	13.877001	4.272747	28.535108	28.675492	1500.292687
2.156569	14.469936	4.052640	28.534606	28.666144	1499.590414
2.158873	14.255986	4.175668	28.533120	28.672586	1499.845979
2.161182	14.287987	4.150317	28.526201	28.660871	1501.311215
2.163472	10.527271	4.538986	28.530382	28.666811	1500.534706
2.165772	13.340503	4.317452	28.530080	28.661916	1500.484958
2.168076	13.907526	4.284358	28.530683	28.674028	1499.828326
2.170367	14.087600	4.205525	28.531115	28.658443	1498.911999
2.172670	14.398862	4.107748	28.527963	28.667768	1499.995071
2.174969	12.384903	4.384009	28.525730	28.675483	1500.517165
2.177274	11.823872	4.470525	28.528072	28.668699	1499.536590
2.179570	14.286250	4.224560	28.523949	28.665344	1500.281221
2.181865	12.887510	4.367874	28.524441	28.673541	1500.127516
2.184169	14.507422	4.071079	28.522431	28.655139	1500.851830
2.186463	14.546936	4.134712	28.520254	28.662318	1500.924061
2.188768	13.561197	4.304733	28.522664	28.666302	1500.407617
2.191059	12.850517	4.296407	28.524884	28.668717	1500.235527
2.193358	14.507422	4.089653	28.517538	28.639865	1499.661189
2.195661	14.509449	4.085996	28.516466	28.659523	1499.285718
2.197957	14.325474	4.167506	28.515677	28.670650	1500.047044
2.200257	14.432449	4.091546	28.516215	28.661499	1499.590298
2.202557	11.369742	4.445401	28.512316	28.659084	1499.134851
2.204847	13.833603	4.278124	28.515735	28.660532	1500.083404
2.207147	11.875791	4.411401	28.517021	28.661495	1499.116126
2.209438	11.493277	4.467506	28.519266	28.663909	1500.456788
2.211737	11.414262	4.445461	28.520452	28.665358	1500.981918
2.214028	10.973314	4.480518	28.518800	28.664390	1500.619434
2.216322	13.161120	4.258417	28.515148	28.657658	1500.069533
2.218618	12.595931	4.367727	28.515951	28.655735	1498.342204
2.220918	14.546936	4.082562	28.507137	28.636879	1500.877483
2.223222	14.546936	4.094585	28.504292	28.648421	1500.755284
2.225521	13.832691	4.218329	28.509797	28.658563	1499.959901
2.227825	14.546936	4.049874	28.501720	28.628483	1502.372123
2.230125	14.434323	4.100341	28.501039	28.643203	1500.611539
2.232429	12.994284	4.364100	28.509164	28.663888	1497.836075
2.234720	13.189848	4.284442	28.508290	28.647428	1500.964830
2.237020	14.507422	4.052513	28.504978	28.642926	1498.482808
2.239319	14.394962	4.050141	28.502203	28.637098	1500.943097
2.241619	14.061811	4.206466	28.497297	28.644484	1500.304315
2.243851	14.544909	4.035268	28.501708	28.641665	1500.029786
2.246151	13.650415	4.305884	28.494797	28.644152	1500.320957
2.248455	14.404348	4.178521	28.499468	28.643633	1500.301674
2.250688	12.664833	4.371466	28.498904	28.649937	1500.952509
2.252930	13.496996	4.301983	28.499307	28.646053	1499.483284
2.255230	12.308224	4.407845	28.497176	28.655248	1499.735220
2.257538	14.396836	4.073745	28.499559	28.630555	1500.922321
2.259842	11.567171	4.435027	28.500268	28.650403	1500.502413
2.262075	13.059734	4.284652	28.496280	28.645465	1500.740442
2.264375	14.469936	4.049707	28.495146	28.636757	1500.054574
2.266679	14.366861	4.115997	28.494947	28.633243	1500.082329
2.268979	14.584422	4.106643	28.496591	28.651178	1500.095856
2.271278	13.120173	4.284110	28.499060	28.656677	1499.326848
2.273586	12.783883	4.352007	28.500409	28.646082	1500.639541
2.275885	13.448519	4.281180	28.495464	28.646556	1501.540147
2.278190	13.794436	4.218499	28.495812	28.647975	1500.558495
2.280498	13.113677	4.299343	28.494043	28.640305	1498.882259
2.282802	13.821275	4.214194	28.492725	28.642218	1500.608245
2.285107	14.509449	4.074338	28.487025	28.626709	1499.389843
2.287406	14.514935	4.135582	28.487881	28.638850	1500.143217
2.289706	14.069493	4.105406	28.487931	28.649765	1499.526150
2.292006	13.248038	4.225578	28.497744	28.650422	1500.019392
2.294305	14.471810	4.144373	28.493048	28.645567	1499.106627
2.296604	14.242355	4.094940	28.488366	28.636326	1500.093410
2.298904	14.621909	4.055542	28.486959	28.632210	1500.758783
2.301212	13.443342	4.229525	28.489053	28.648956	1498.424057
2.303512	14.619883	4.100458	28.491200	28.635450	1500.032980
2.305816	14.544909	4.055861	28.484304	28.614879	1501.358364
2.308116	14.584422	4.046506	28.478144	28.626951	1500.560455
2.310415	13.002789	4.261263	28.486099	28.645113	1499.488186
2.312653	12.554240	4.361374	28.491765	28.655695	1499.824766
2.314952	14.239988	4.154010	28.485745	28.632573	1500.499497
2.317256	14.659396	4.088569	28.479160	28.614417	1498.898768
2.319560	14.659396	4.106329	28.484594	28.636541	1499.780781
2.321865	14.621909	4.097697	28.482232	28.611328	1500.024579
2.324164	14.033076	4.190199	28.487137	28.656702	1498.747309
2.326455	12.712289	4.254229	28.490558	28.638351	1500.399283
2.328755	13.468247	4.254380	28.491244	28.646064	1499.648060
2.331054	13.374558	4.221895	28.488516	28.638361	1498.242483
2.333354	13.123399	4.251168	28.482299	28.631644	1501.056487
2.335653	13.483191	4.235138	28.479837	28.628743	1500.334517
2.337953	12.818502	4.241228	28.478182	28.638382	1499.960707
2.340257	13.333765	4.234604	28.477849	28.623437	1500.559636
2.342556	12.901831	4.228129	28.477744	28.625843	1499.613315
2.344790	13.117582	4.228468	28.477589	28.633081	1499.045110
2.347093	13.589414	4.202951	28.476401	28.626310	1499.765010
2.349393	13.278152	4.247954	28.473794	28.630656	1499.120334
2.351693	13.209589	4.218781	28.475467	28.627775	1501.131619
2.353992	13.036220	4.234703	28.474033	28.631634	1500.719098
2.356292	13.410468	4.219019	28.467963	28.619126	1498.793940
2.358596	14.544909	4.121686	28.468764	28.630660	1500.346424
2.360896	13.743267	4.199550	28.467696	28.627754	1499.449725
2.363128	13.951262	4.193363	28.470309	28.624881	1498.854524
2.365428	13.243274	4.241180	28.469845	28.626833	1500.658933
2.367736	13.351629	4.234701	28.466303	28.622966	1499.123935
2.370032	13.547255	4.241573	28.465300	28.616689	1500.837539
2.372335	13.586479	4.218587	28.461483	28.618150	1498.822338
2.374631	13.369958	4.577325	28.466579	28.624393	1500.908603
2.376935	14.141136	5.509039	28.449256	28.644004	1502.780729
2.379239	13.344289	5.185575	28.433278	28.726112	1500.185568
2.381539	14.762825	5.313395	28.433501	28.726380	1499.553433
2.383780	13.275138	4.733501	28.426401	28.672384	1498.792230
2.386089	13.437419	4.899476	28.435301	28.665783	1501.357932
2.388393	13.548876	5.111601	28.448719	28.655669	1499.885889
2.390630	15.434482	6.180238	28.436770	28.643683	1500.336224
2.392938	14.286291	6.356670	28.438418	28.646088	1499.539016
2.395234	14.675472	6.306201	28.432008	28.638849	1500.994802
2.397467	14.319998	6.306533	28.408447	28.674592	1500.542265
2.399699	14.794501	6.215074	28.393890	28.735714	1501.354020
2.402004	14.202087	6.214922	28.393129	28.737933	1498.653729
2.404311	14.208596	6.166508	28.371326	28.857980	1500.179826
2.406611	14.783863	6.112237	28.368260	28.887319	1501.424532
2.408916	13.755115	6.145859	28.378601	28.835075	1501.095128
2.411149	14.072389	6.112084	28.395875	28.785861	1499.419070
2.413382	14.477737	6.065481	28.412419	28.759341	1499.447882
2.415619	14.089888	6.058698	28.416248	28.740546	1502.034651
2.417852	14.370473	6.025946	28.403064	28.773242	1499.167491
2.420156	14.300724	6.019168	28.400594	28.783935	1498.704667
2.422394	14.126112	5.408416	28.409618	28.749229	1500.184451
2.424631	13.543316	4.481106	28.405540	28.749670	1497.358518
2.426863	13.839278	4.633970	28.413972	28.750490	1498.865504
2.429168	13.891492	5.112216	28.422282	28.738568	1499.811320
