0.000000	3.020586	6.041172	36.495755	0.098202	0.196405	0.038575	5.206129	10.412257	108.415096	5.214878	10.429757	108.779822	5.170708	10.341416	106.944893	217.880747
0.000783	15.102929	0.000000	0.000000	0.469650	0.001633	0.000003	26.051623	0.011860	0.000141	26.335067	0.130436	0.017014	25.792005	0.027690	0.000767	1402.054124
0.001508	15.102929	0.000000	0.000000	0.468978	0.001856	0.000003	26.306959	0.056414	0.003183	27.656375	0.159867	0.025558	25.859247	0.007538	0.000057	1461.278880
0.002231	14.828330	0.224210	0.050270	0.462535	0.002332	0.000005	26.690041	0.045340	0.002056	27.918504	0.028036	0.000786	25.859247	0.007538	0.000057	1450.286909
0.002957	14.828330	0.224210	0.050270	0.463559	0.001439	0.000002	26.930346	0.025376	0.000644	27.728975	0.011492	0.000132	25.879969	0.012510	0.000156	1447.356519
0.003685	14.645263	0.000000	0.000000	0.461508	0.002254	0.000005	27.081660	0.021174	0.000448	27.813098	0.045477	0.002068	25.764834	0.011297	0.000128	1452.390177
0.004411	14.645263	0.000000	0.000000	0.463649	0.000664	0.000000	27.249046	0.024572	0.000604	28.114024	0.023956	0.000574	25.738425	0.007073	0.000050	1451.642010
0.005137	15.102929	0.000000	0.000000	0.466772	0.001068	0.000001	27.396139	0.015620	0.000244	28.115931	0.019571	0.000383	25.640358	0.007563	0.000057	1452.284441
0.005864	14.828330	0.224210	0.050270	0.466105	0.000760	0.000001	27.492124	0.013164	0.000173	28.163920	0.007186	0.000052	25.642229	0.012791	0.000164	1449.199503
0.006589	14.919863	0.224210	0.050270	0.465728	0.001293	0.000002	27.591641	0.014524	0.000211	28.309571	0.055521	0.003083	25.647911	0.003762	0.000014	1452.447949
0.007315	15.102929	0.000000	0.000000	0.468111	0.001407	0.000002	27.683409	0.010987	0.000121	28.338702	0.008603	0.000074	25.662965	0.010973	0.000120	1447.553462
0.008041	14.919863	0.224210	0.050270	0.467346	0.001459	0.000002	27.748135	0.009383	0.000088	28.355998	0.020538	0.000422	25.745995	0.004640	0.000022	1450.770744
0.008768	15.102929	0.000000	0.000000	0.468395	0.000429	0.000000	27.806164	0.006473	0.000042	28.367539	0.012171	0.000148	25.753541	0.004602	0.000021	1449.923107
0.009494	14.919863	0.224210	0.050270	0.467533	0.000556	0.000000	27.855168	0.007752	0.000060	28.452143	0.014154	0.000200	25.746001	0.007565	0.000057	1452.038034
0.010220	15.102929	0.000000	0.000000	0.467355	0.002498	0.000006	27.905247	0.007030	0.000049	28.488470	0.043699	0.001910	25.755426	0.007526	0.000057	1446.714374
0.010944	15.102929	0.000000	0.000000	0.472947	0.000853	0.000001	27.939870	0.003881	0.000015	28.459848	0.004696	0.000022	25.762943	0.009619	0.000093	1450.428635
0.011670	15.102929	0.000000	0.000000	0.472067	0.000497	0.000000	27.962338	0.003097	0.000010	28.469460	0.013067	0.000171	25.753541	0.004602	0.000021	1448.884273
0.012396	15.102929	0.000000	0.000000	0.470999	0.000725	0.000001	27.992054	0.005686	0.000032	28.557983	0.024704	0.000610	25.757304	0.007039	0.000050	1450.123079
0.013121	15.102929	0.000000	0.000000	0.469743	0.001073	0.000001	28.030850	0.002134	0.000005	28.525246	0.033127	0.001097	25.842237	0.012529	0.000157	1446.093827
0.013846	15.102929	0.000000	0.000000	0.471290	0.000867	0.000001	28.037496	0.000411	0.000000	28.484857	0.016540	0.000274	25.836572	0.003782	0.000014	1449.084222
0.014570	15.102929	0.000000	0.000000	0.470128	0.000898	0.000001	28.055798	0.003676	0.000014	28.583057	0.013057	0.000170	25.793113	0.007542	0.000057	1451.477829
0.015294	15.102929	0.000000	0.000000	0.470134	0.001898	0.000004	28.077927	0.002789	0.000008	28.577266	0.016580	0.000275	25.859241	0.004609	0.000021	1449.125523
0.016019	15.102929	0.000000	0.000000	0.470805	0.000530	0.000000	28.091600	0.002175	0.000005	28.569544	0.006085	0.000037	25.927218	0.024933	0.000622	1450.971861
0.016744	15.102929	0.000000	0.000000	0.470611	0.000493	0.000000	28.104546	0.000621	0.000000	28.548352	0.011250	0.000127	25.957460	0.000011	0.000000	1449.643603
0.017470	15.102929	0.000000	0.000000	0.472653	0.000569	0.000000	28.110638	0.000598	0.000000	28.557989	0.018687	0.000349	25.930981	0.007074	0.000050	1448.997186
0.018195	15.102929	0.000000	0.000000	0.472946	0.000663	0.000000	28.115842	0.000505	0.000000	28.573400	0.009842	0.000097	25.853585	0.005967	0.000036	1446.240434
0.018920	15.102929	0.000000	0.000000	0.472365	0.001648	0.000003	28.121286	0.000737	0.000001	28.588817	0.022802	0.000520	25.861122	0.003763	0.000014	1449.453280
0.019645	15.102929	0.000000	0.000000	0.473046	0.001299	0.000002	28.125670	0.000782	0.000001	28.594591	0.004708	0.000022	25.855456	0.007045	0.000050	1449.926924
0.020371	15.102929	0.000000	0.000000	0.472850	0.001131	0.000001	28.134067	0.001246	0.000002	28.633095	0.009829	0.000097	25.745995	0.004640	0.000022	1449.644662
0.021098	15.102929	0.000000	0.000000	0.472854	0.001809	0.000003	28.133663	0.000125	0.000000	28.606112	0.014163	0.000201	25.702544	0.010319	0.000106	1447.516982
0.021821	15.102929	0.000000	0.000000	0.472752	0.001068	0.000001	28.142139	0.001743	0.000003	28.650409	0.016820	0.000283	25.800703	0.037101	0.001376	1450.988375
0.022547	15.102929	0.000000	0.000000	0.474811	0.000725	0.000001	28.155953	0.000724	0.000001	28.608059	0.028583	0.000817	25.857359	0.004609	0.000021	1451.747941
0.023274	15.102929	0.000000	0.000000	0.474713	0.000824	0.000001	28.148885	0.000706	0.000000	28.583040	0.015654	0.000245	25.872428	0.005963	0.000036	1449.692312
0.023999	15.102929	0.000000	0.000000	0.473143	0.001043	0.000001	28.157369	0.001739	0.000003	28.662003	0.015697	0.000246	25.813898	0.022681	0.000514	1453.950388
0.024725	15.102929	0.000000	0.000000	0.474121	0.000368	0.000000	28.162347	0.001071	0.000001	28.594585	0.007705	0.000059	25.857359	0.004609	0.000021	1448.566890
0.025451	15.102929	0.000000	0.000000	0.470864	0.005312	0.000028	28.160420	0.001867	0.000003	28.648514	0.014176	0.000201	25.896961	0.015357	0.000236	1451.162735
0.026174	10.892403	2.358645	5.563207	2.447379	1.526110	2.329013	28.172158	0.002152	0.000005	28.658153	0.051144	0.002616	25.885644	0.022814	0.000520	1453.974584
0.026900	9.153272	0.000000	0.000000	3.782420	0.019772	0.000391	28.266679	0.025061	0.000628	29.272529	0.085801	0.007362	25.949897	0.016260	0.000264	1448.521963
0.027626	9.153272	0.000000	0.000000	3.801229	0.015441	0.000238	28.477578	0.032874	0.001081	29.711084	0.044770	0.002004	26.000902	0.028422	0.000808	1450.520998
0.028352	9.153272	0.000000	0.000000	3.794925	0.015441	0.000238	28.692883	0.026876	0.000722	29.862818	0.020041	0.000402	25.946102	0.015144	0.000229	1449.419283
0.029078	9.153272	0.000000	0.000000	3.770120	0.031602	0.000999	28.867668	0.022281	0.000496	29.964130	0.010675	0.000114	25.940447	0.016270	0.000265	1451.383185
0.029804	9.153272	0.000000	0.000000	3.727112	0.029642	0.000879	29.001410	0.015681	0.000246	29.971927	0.007284	0.000053	25.959350	0.003769	0.000014	1450.938000
0.030528	9.885538	0.743619	0.552969	2.891724	0.699211	0.488896	29.094271	0.011165	0.000125	29.968004	0.018065	0.000326	25.976346	0.017914	0.000321	1446.943016
0.031248	7.597208	0.224210	0.050270	1.637538	0.054406	0.002960	29.122940	0.013180	0.000174	29.509126	0.186087	0.034628	25.980108	0.011330	0.000128	1456.711355
0.031973	7.688741	0.183066	0.033513	1.585895	0.014211	0.000202	28.945707	0.026847	0.000721	28.914702	0.011239	0.000126	25.955567	0.009259	0.000086	1445.039164
0.032697	7.780275	0.000000	0.000000	1.908638	0.017127	0.000293	28.808809	0.012434	0.000155	29.111820	0.022404	0.000502	25.791269	0.042444	0.001802	1453.075115
0.033419	7.780275	0.000000	0.000000	1.889605	0.007618	0.000058	28.732158	0.010716	0.000115	29.090541	0.018367	0.000337	25.683690	0.013336	0.000178	1447.783130
0.034141	7.780275	0.000000	0.000000	1.881886	0.012384	0.000153	28.654017	0.010103	0.000102	28.990023	0.019888	0.000396	25.749768	0.005966	0.000036	1448.905386
0.034864	7.780275	0.000000	0.000000	1.875954	0.024680	0.000609	28.587075	0.008290	0.000069	28.947525	0.021497	0.000462	25.744091	0.009626	0.000093	1448.334722
0.035587	7.780275	0.000000	0.000000	1.858977	0.013872	0.000192	28.534969	0.006813	0.000046	28.953042	0.040156	0.001613	25.715761	0.009631	0.000093	1449.908608
0.036311	7.780275	0.000000	0.000000	1.861990	0.013070	0.000171	28.485968	0.005861	0.000034	28.897327	0.021999	0.000484	25.736520	0.007570	0.000057	1449.277622
0.037032	7.780275	0.000000	0.000000	1.838102	0.015640	0.000245	28.452332	0.004734	0.000022	28.881894	0.009845	0.000097	25.740309	0.010371	0.000108	1453.834601
0.037756	7.780275	0.000000	0.000000	1.835041	0.005858	0.000034	28.419820	0.004693	0.000022	28.835542	0.009809	0.000096	25.783706	0.028363	0.000804	1449.816284
0.038481	7.780275	0.000000	0.000000	1.830641	0.006550	0.000043	28.395029	0.002178	0.000005	28.829725	0.022017	0.000485	25.893209	0.023428	0.000549	1449.645165
0.039204	7.780275	0.000000	0.000000	1.835766	0.037385	0.001398	28.378124	0.003104	0.000010	28.789283	0.012781	0.000163	25.951793	0.007566	0.000057	1448.273403
0.039928	7.780275	0.000000	0.000000	1.835148	0.015238	0.000232	28.356960	0.002270	0.000005	28.781538	0.019316	0.000373	25.970675	0.014124	0.000199	1451.216744
0.040652	7.780275	0.000000	0.000000	1.839584	0.015906	0.000253	28.342858	0.001913	0.000004	28.750680	0.016594	0.000275	26.063298	0.011018	0.000121	1452.518146
0.041383	7.780275	0.000000	0.000000	1.771728	0.074697	0.005580	28.330869	0.002538	0.000006	28.710197	0.017879	0.000320	26.155971	0.013384	0.000179	1422.930317
0.042109	7.780275	0.000000	0.000000	1.487869	0.008980	0.000081	28.318866	0.001530	0.000002	28.712090	0.007193	0.000052	26.159770	0.007580	0.000057	1449.173966
0.042832	7.780275	0.000000	0.000000	1.779516	0.016140	0.000261	28.306271	0.002349	0.000006	28.685140	0.013639	0.000186	26.150298	0.021264	0.000452	1448.233233
0.043556	7.780275	0.000000	0.000000	1.776635	0.007041	0.000050	28.292252	0.002118	0.000004	28.681284	0.011565	0.000134	26.070856	0.013359	0.000178	1449.285608
0.044280	7.780275	0.000000	0.000000	1.776635	0.007041	0.000050	28.282852	0.001134	0.000001	28.719830	0.009827	0.000097	25.955576	0.003779	0.000014	1448.890723
0.045003	7.780275	0.000000	0.000000	1.776635	0.007041	0.000050	28.274370	0.000908	0.000001	28.731345	0.023101	0.000534	25.859247	0.007538	0.000057	1450.459702
