0.000000	6.361551	19.084654	364.224036	6.538080	19.614239	384.718383	2.764882	8.294646	68.801151	2.793216	8.379648	70.218493	2.650183	7.950548	63.211213	99.926720
0.002315	58.718490	3.545360	12.569579	76.277605	0.000000	0.000000	27.861456	0.023397	0.000547	28.395358	0.029915	0.000895	26.591021	0.060955	0.003715	1449.689448
0.004546	61.556018	2.607089	6.796915	74.098243	4.358723	18.998465	28.018059	0.012350	0.000153	28.444242	0.015336	0.000235	26.568052	0.066993	0.004488	1450.552093
0.006780	69.748238	0.823799	0.678644	76.277605	0.000000	0.000000	28.106540	0.006764	0.000046	28.474213	0.016348	0.000267	26.611521	0.096031	0.009222	1449.987190
0.009014	70.572037	0.640732	0.410538	76.277605	0.000000	0.000000	28.162404	0.002194	0.000005	28.498246	0.021135	0.000447	26.602654	0.065550	0.004297	1447.741984
0.011246	70.251670	0.745026	0.555064	76.277605	0.000000	0.000000	28.201212	0.002497	0.000006	28.529995	0.032627	0.001065	26.672260	0.097404	0.009487	1449.309007
0.013478	70.297437	0.509635	0.259728	76.277605	0.000000	0.000000	28.225314	0.004736	0.000022	28.570420	0.030035	0.000902	26.704874	0.097124	0.009433	1451.447418
0.015710	68.146407	0.431761	0.186418	70.829201	5.448404	29.685102	28.244679	0.001552	0.000002	28.561802	0.024638	0.000607	26.708509	0.042941	0.001844	1449.689759
0.017943	65.308879	3.124555	9.762841	76.277605	0.000000	0.000000	28.250305	0.002269	0.000005	28.568453	0.024937	0.000622	26.729230	0.034624	0.001199	1450.387551
0.020175	68.192174	0.501348	0.251350	76.277605	0.000000	0.000000	28.257022	0.002056	0.000004	28.573298	0.030499	0.000930	26.718174	0.036801	0.001354	1449.687365
0.022410	68.009108	0.586098	0.343511	76.277605	0.000000	0.000000	28.269691	0.000911	0.000001	28.568526	0.024574	0.000604	26.796812	0.048456	0.002348	1449.925722
0.024641	66.590343	3.320838	11.027968	74.098243	4.358723	18.998465	28.273556	0.000601	0.000000	28.551215	0.021259	0.000452	26.862054	0.072994	0.005328	1450.062780
0.026873	67.597208	1.447990	2.096675	75.187924	3.269042	10.686637	28.275031	0.000976	0.000001	28.574301	0.022851	0.000522	26.806890	0.060927	0.003712	1450.013500
0.029106	67.185309	2.211999	4.892941	75.187924	3.269042	10.686637	28.286320	0.002186	0.000005	28.540504	0.034150	0.001166	26.914695	0.052008	0.002705	1447.824917
0.031340	68.009108	0.419458	0.175945	74.098243	4.358723	18.998465	28.291646	0.001300	0.000002	28.579068	0.035937	0.001291	26.879278	0.034585	0.001196	1450.319769
0.033573	67.505675	0.686499	0.471281	74.098243	4.358723	18.998465	28.287420	0.002112	0.000004	28.552089	0.037149	0.001380	26.833458	0.043324	0.001877	1447.800640
0.035805	67.780275	0.519809	0.270201	75.187924	3.269042	10.686637	28.289870	0.001310	0.000002	28.563719	0.029641	0.000879	26.981941	0.076967	0.005924	1449.830232
0.038035	67.734508	0.614023	0.377025	76.277605	0.000000	0.000000	28.296665	0.001170	0.000001	28.563716	0.036144	0.001306	26.985183	0.079721	0.006355	1452.847799
0.040266	67.597208	0.648853	0.421011	74.098243	4.358723	18.998465	28.296176	0.001200	0.000001	28.557980	0.018706	0.000350	26.903650	0.059206	0.003505	1448.289011
0.042497	66.590343	1.690888	2.859103	76.277605	0.000000	0.000000	28.298855	0.001048	0.000001	28.558895	0.017430	0.000304	26.921004	0.069645	0.004850	1448.900939
0.044727	67.322609	0.519809	0.270201	74.098243	4.358723	18.998465	28.296467	0.000395	0.000000	28.578173	0.011728	0.000138	26.876506	0.049200	0.002421	1452.127860
0.046960	67.368375	0.398984	0.159188	76.277605	0.000000	0.000000	28.296874	0.000569	0.000000	28.584856	0.017244	0.000297	26.822796	0.050227	0.002523	1447.186491
0.049190	67.139542	0.503432	0.253444	75.187924	3.269042	10.686637	28.292254	0.000903	0.000001	28.593591	0.024417	0.000596	26.793776	0.070893	0.005026	1447.486167
0.051421	66.269977	0.533726	0.284863	66.470478	3.269042	10.686637	28.295755	0.001577	0.000002	28.587814	0.014560	0.000212	26.752619	0.070015	0.004902	1447.974794
0.053654	66.315744	0.477817	0.228309	67.560159	4.358723	18.998465	28.299951	0.002392	0.000006	28.637890	0.027392	0.000750	26.742303	0.053611	0.002874	1450.207325
0.055886	65.949611	0.947932	0.898575	66.470478	3.269042	10.686637	28.299290	0.001454	0.000002	28.621480	0.018353	0.000337	26.759167	0.058497	0.003422	1450.811439
0.058118	67.139542	0.357448	0.127769	73.008563	4.993544	24.935486	28.306447	0.000684	0.000000	28.596433	0.015431	0.000238	26.881018	0.066791	0.004461	1450.638279
0.060350	66.727643	0.533726	0.284863	65.380798	0.000000	0.000000	28.309149	0.001165	0.000001	28.589755	0.009067	0.000082	26.832374	0.044628	0.001992	1449.075685
0.062582	66.636110	0.549199	0.301620	65.380798	0.000000	0.000000	28.302087	0.000953	0.000001	28.594527	0.024810	0.000616	26.787471	0.073514	0.005404	1450.072029
0.064816	66.086911	2.099285	4.406998	67.560159	4.358723	18.998465	28.307621	0.001697	0.000003	28.617658	0.019236	0.000370	26.831421	0.030698	0.000942	1450.289428
0.067053	66.636110	0.586098	0.343511	66.470478	3.269042	10.686637	28.309815	0.000812	0.000001	28.593498	0.020320	0.000413	26.862974	0.033345	0.001112	1450.150154
0.069285	66.544577	0.366133	0.134053	67.560159	4.358723	18.998465	28.305392	0.000782	0.000001	28.590679	0.020574	0.000423	26.832405	0.047410	0.002248	1449.796215
0.071515	67.093776	0.466729	0.217836	68.649840	4.993544	24.935486	28.308329	0.000710	0.000001	28.594510	0.023268	0.000541	26.851835	0.068273	0.004661	1450.810305
0.073747	66.727643	0.342486	0.117297	67.560159	4.358723	18.998465	28.305646	0.001453	0.000002	28.612783	0.028944	0.000838	26.699211	0.065320	0.004267	1449.211824
0.075979	67.688741	0.558652	0.312093	76.277605	0.000000	0.000000	28.313927	0.001272	0.000002	28.625331	0.030382	0.000923	26.676637	0.078573	0.006174	1449.307620
0.078210	67.917574	0.419458	0.175945	75.187924	3.269042	10.686637	28.319485	0.000569	0.000000	28.628212	0.021339	0.000455	26.744439	0.073842	0.005453	1449.367896
0.080442	68.192174	0.647237	0.418916	76.277605	0.000000	0.000000	28.327198	0.001178	0.000001	28.632039	0.041388	0.001713	26.794956	0.117168	0.013728	1448.992608
0.082673	67.459908	0.771272	0.594861	73.008563	4.993544	24.935486	28.336496	0.001076	0.000001	28.645567	0.033715	0.001137	26.806936	0.098447	0.009692	1450.436870
0.084907	67.093776	0.653678	0.427294	71.918882	5.338324	28.497698	28.335118	0.000818	0.000001	28.635883	0.024187	0.000585	26.784695	0.097275	0.009463	1449.912584
0.087139	67.826041	0.448419	0.201080	75.187924	3.269042	10.686637	28.338085	0.002600	0.000007	28.683114	0.014133	0.000200	26.776372	0.054956	0.003020	1450.240178
0.089371	68.283707	0.492921	0.242971	74.098243	4.358723	18.998465	28.353044	0.000970	0.000001	28.659997	0.015050	0.000226	26.839546	0.106884	0.011424	1451.121933
0.091603	67.642975	0.274600	0.075405	67.560159	4.358723	18.998465	28.365915	0.000883	0.000001	28.669641	0.025252	0.000638	26.869326	0.058243	0.003392	1450.569250
0.093836	66.864943	0.380166	0.144526	66.470478	3.269042	10.686637	28.369807	0.001767	0.000003	28.656115	0.019279	0.000372	27.040886	0.059964	0.003596	1450.342816
0.096068	67.414142	0.293049	0.085878	66.470478	3.269042	10.686637	28.393939	0.003845	0.000015	28.647482	0.019996	0.000400	27.312812	0.053431	0.002855	1449.350906
0.098299	67.459908	0.419458	0.175945	65.380798	0.000000	0.000000	28.430810	0.001604	0.000003	28.662882	0.019329	0.000374	27.358671	0.033169	0.001100	1450.761033
0.100531	67.048009	0.686499	0.471281	66.470478	3.269042	10.686637	28.438501	0.000306	0.000000	28.679313	0.016200	0.000262	27.257949	0.053004	0.002809	1451.402912
0.102763	68.375240	0.466729	0.217836	66.470478	3.269042	10.686637	28.426602	0.000872	0.000001	28.674481	0.020863	0.000435	27.145347	0.057393	0.003294	1450.250167
0.104996	67.368375	0.448419	0.201080	65.380798	0.000000	0.000000	28.403363	0.001246	0.000002	28.682189	0.023235	0.000540	26.930915	0.048669	0.002369	1451.102503
0.107228	67.414142	0.615727	0.379119	62.111755	4.003743	16.029955	28.394226	0.003034	0.000009	28.662886	0.029302	0.000859	26.910112	0.064449	0.004154	1449.281756
0.109460	67.368375	0.492921	0.242971	61.294495	4.086303	16.697870	28.366603	0.002714	0.000007	28.672504	0.039501	0.001560	26.675481	0.047357	0.002243	1450.006018
0.111692	67.642975	0.838915	0.703779	61.294495	4.086303	16.697870	28.358846	0.000715	0.000001	28.690861	0.016807	0.000282	26.631054	0.042715	0.001825	1451.245471
0.113927	67.871808	0.459949	0.211553	59.659974	3.745158	14.026211	28.355468	0.001723	0.000003	28.684195	0.013243	0.000175	26.785724	0.069288	0.004801	1450.260244
0.116162	67.551442	0.419458	0.175945	58.025453	2.451782	6.011233	28.379654	0.003171	0.000010	28.685078	0.021161	0.000448	27.030321	0.057360	0.003290	1449.587960
0.118397	67.688741	0.594966	0.353984	58.025453	2.451782	6.011233	28.387454	0.001474	0.000002	28.683117	0.021894	0.000479	26.781969	0.062051	0.003850	1449.993443
0.120623	66.956476	0.293049	0.085878	52.123016	2.542588	6.464756	28.415131	0.006799	0.000046	28.734830	0.063467	0.004028	27.135082	0.166574	0.027747	716.774560
0.122852	61.144119	20.466623	418.882646	39.354447	6.106468	37.288949	28.442812	0.005473	0.000030	28.738040	0.083971	0.007051	27.115393	0.027260	0.000743	0.000000
0.125080	57.208192	11.601628	134.597762	64.835957	4.993544	24.935486	28.457734	0.006515	0.000042	28.752254	0.051145	0.002616	27.209292	0.091662	0.008402	0.000000
0.127359	70.480503	0.915332	0.837832	68.649840	4.993544	24.935486	28.507254	0.003158	0.000010	28.769880	0.034697	0.001204	27.371885	0.078160	0.006109	1447.536356
0.129654	70.983936	0.629187	0.395876	68.649840	4.993544	24.935486	28.528950	0.000563	0.000000	28.768963	0.019323	0.000373	27.330146	0.075950	0.005768	1450.475639
0.131948	71.167002	0.468968	0.219931	67.560159	4.358723	18.998465	28.526476	0.001214	0.000001	28.777568	0.029026	0.000843	27.315279	0.047829	0.002288	1449.967054
0.134180	71.075469	0.543448	0.295336	67.560159	4.358723	18.998465	28.532858	0.001014	0.000001	28.785311	0.035684	0.001273	27.247966	0.077137	0.005950	1443.522029
0.136474	70.022838	0.737964	0.544591	66.470478	3.269042	10.686637	28.521928	0.000756	0.000001	28.777607	0.021704	0.000471	27.211993	0.101692	0.010341	1449.875141
0.138766	70.526270	0.477817	0.228309	67.560159	4.358723	18.998465	28.525941	0.001093	0.000001	28.796824	0.029389	0.000864	27.195718	0.052427	0.002749	1450.217224
0.140993	70.663570	0.549199	0.301620	68.649840	4.993544	24.935486	28.530964	0.000805	0.000001	28.799786	0.024545	0.000602	27.183644	0.082613	0.006825	1449.701322
0.143286	70.526270	0.477817	0.228309	68.649840	4.993544	24.935486	28.539938	0.000931	0.000001	28.800766	0.021116	0.000446	27.279448	0.078249	0.006123	1448.578655
0.145577	70.160137	0.459949	0.211553	67.560159	4.358723	18.998465	28.548435	0.001825	0.000003	28.806564	0.024861	0.000618	27.349454	0.042407	0.001798	1450.301752
0.147871	70.388970	0.607162	0.368646	71.265074	8.330180	69.391894	28.565426	0.001514	0.000002	28.785279	0.025603	0.000655	27.488393	0.053811	0.002896	1449.660505
0.150098	59.588055	4.755323	22.613094	70.829201	5.448404	29.685102	28.564894	0.000945	0.000001	28.813310	0.028276	0.000800	27.267916	0.074693	0.005579	1455.054871
0.152337	70.160137	2.334096	5.448005	68.649840	4.993544	24.935486	28.563997	0.000618	0.000000	28.807449	0.013778	0.000190	27.330310	0.103929	0.010801	1447.378276
0.154570	69.199039	1.873637	3.510517	67.560159	4.358723	18.998465	28.566183	0.001103	0.000001	28.815215	0.026619	0.000709	27.358772	0.061171	0.003742	1451.038356
0.156805	69.427872	2.166554	4.693956	66.470478	3.269042	10.686637	28.564822	0.001005	0.000001	28.825807	0.026651	0.000710	27.187055	0.065199	0.004251	1450.501772
0.159041	70.800870	0.503432	0.253444	68.649840	4.993544	24.935486	28.576365	0.000785	0.000001	28.839328	0.022414	0.000502	27.283113	0.068065	0.004633	1448.872778
0.161275	71.350069	0.778032	0.605334	71.918882	5.338324	28.497698	28.575229	0.000674	0.000000	28.844197	0.026720	0.000714	27.193999	0.066914	0.004477	1449.882770
0.163510	70.572037	0.703080	0.494321	69.739521	5.338324	28.497698	28.563471	0.001033	0.000001	28.871075	0.029328	0.000860	26.982658	0.072170	0.005209	1450.850780
0.165746	71.029703	0.492921	0.242971	66.470478	3.269042	10.686637	28.562097	0.001137	0.000001	28.884649	0.024387	0.000595	26.998601	0.057475	0.003303	1451.422769
0.167983	70.388970	3.082372	9.501018	71.918882	5.338324	28.497698	28.556916	0.001702	0.000003	28.877007	0.020493	0.000420	26.841698	0.098817	0.009765	1449.706352
0.170217	71.075469	0.767188	0.588577	76.277605	0.000000	0.000000	28.514164	0.002616	0.000007	28.892438	0.022946	0.000527	26.491171	0.065826	0.004333	1450.777047
0.172453	70.480503	2.556383	6.535092	71.918882	5.338324	28.497698	28.502574	0.002297	0.000005	28.891404	0.024089	0.000580	26.636153	0.061622	0.003797	1449.924676
0.174688	67.597208	3.638660	13.239845	73.008563	4.993544	24.935486	28.491979	0.002406	0.000006	28.882778	0.033287	0.001108	26.384678	0.092568	0.008569	1451.053224
0.176923	69.290572	2.574345	6.627254	69.739521	5.338324	28.497698	28.480855	0.001927	0.000004	28.894381	0.024060	0.000579	26.489715	0.059730	0.003568	1449.493366
0.179158	70.800870	0.411899	0.169661	75.187924	3.269042	10.686637	28.506230	0.004761	0.000023	28.885676	0.025837	0.000668	26.833515	0.092610	0.008577	1450.189854
0.181393	70.983936	0.804503	0.647225	75.187924	3.269042	10.686637	28.540931	0.002334	0.000005	28.891470	0.020820	0.000433	26.906468	0.098590	0.009720	1449.715007
0.183627	71.258535	0.648853	0.421011	71.918882	5.338324	28.497698	28.564224	0.002069	0.000004	28.910790	0.019887	0.000396	26.941432	0.084511	0.007142	1450.835063
0.185866	71.487368	1.098398	1.206479	74.098243	4.358723	18.998465	28.588343	0.001998	0.000004	28.895374	0.019686	0.000388	27.136852	0.067704	0.004584	1447.237210
0.188108	71.441602	1.705688	2.909373	76.277605	0.000000	0.000000	28.611516	0.001644	0.000003	28.903053	0.026265	0.000690	27.170354	0.056752	0.003221	1448.905697
0.190350	71.304302	1.647597	2.714577	77.803158	4.576659	20.945808	28.630754	0.002188	0.000005	28.909774	0.024452	0.000598	27.350700	0.099582	0.009917	1446.408031
0.192591	69.153272	9.941890	98.841173	76.277605	0.000000	0.000000	28.654956	0.002117	0.000004	28.935882	0.027994	0.000784	27.332209	0.085521	0.007314	1449.844374
0.194833	70.755103	2.646560	7.004278	76.277605	0.000000	0.000000	28.646302	0.001912	0.000004	28.930016	0.025599	0.000655	27.114215	0.074643	0.005572	1449.264696
0.197073	71.487368	1.039617	1.080804	76.277605	0.000000	0.000000	28.627112	0.001487	0.000002	28.915606	0.033274	0.001107	27.048415	0.076706	0.005884	1449.586801
0.199313	71.533135	1.650772	2.725050	76.277605	0.000000	0.000000	28.610229	0.001147	0.000001	28.922324	0.033827	0.001144	26.964792	0.081239	0.006600	1450.081375
0.201554	72.082334	0.511686	0.261823	76.277605	0.000000	0.000000	28.593876	0.000806	0.000001	28.939723	0.027703	0.000767	26.780282	0.066601	0.004436	1449.858170
0.203794	72.128101	0.620808	0.385403	76.277605	0.000000	0.000000	28.604404	0.002361	0.000006	28.942644	0.022837	0.000522	27.005209	0.059359	0.003523	1450.432581
0.206035	71.624668	0.587882	0.345606	76.713477	5.912459	34.957176	28.612601	0.002350	0.000006	28.950348	0.016880	0.000285	27.035041	0.085758	0.007354	1449.181271
0.208274	71.761968	0.732265	0.536213	75.187924	3.269042	10.686637	28.622121	0.001281	0.000002	28.951245	0.029082	0.000846	26.866505	0.089520	0.008014	1448.996877
0.210513	71.945034	0.672629	0.452429	74.098243	4.358723	18.998465	28.602267	0.003310	0.000011	28.957079	0.068442	0.004684	26.649547	0.084458	0.007133	1450.036758
0.212754	72.494233	0.586098	0.343511	76.277605	0.000000	0.000000	28.598208	0.001012	0.000001	28.979376	0.020851	0.000435	26.707818	0.075661	0.005725	1449.465600
0.214995	72.677300	0.448419	0.201080	76.277605	0.000000	0.000000	28.601149	0.000840	0.000001	28.984152	0.022867	0.000523	26.661353	0.061384	0.003768	1450.233392
0.217236	72.311167	0.457666	0.209458	76.277605	0.000000	0.000000	28.587901	0.002903	0.000008	28.975480	0.019107	0.000365	26.461114	0.101207	0.010243	1449.545872
0.219477	70.892403	0.594966	0.353984	69.739521	5.338324	28.497698	28.559314	0.000974	0.000001	28.991884	0.047466	0.002253	26.314245	0.089316	0.007977	1449.981792
0.221720	70.938169	0.409349	0.167566	76.277605	0.000000	0.000000	28.571595	0.000933	0.000001	28.994808	0.025756	0.000663	26.482644	0.062899	0.003956	1449.756150
0.223961	71.075469	0.580713	0.337228	76.277605	0.000000	0.000000	28.578454	0.000522	0.000000	28.984234	0.023340	0.000545	26.537223	0.069909	0.004887	1450.151968
0.226202	1.052586	2.605482	6.788536	74.098243	4.358723	18.998465	28.592307	0.004634	0.000021	29.012225	0.033537	0.001125	26.711768	0.056638	0.003208	1449.464441
0.228442	-0.000046	0.000000	0.000000	73.008563	4.993544	24.935486	28.627649	0.001075	0.000001	28.993852	0.032643	0.001066	26.783552	0.088365	0.007808	1448.164341
0.230683	34.965629	34.967712	1222.740864	68.649840	4.993544	24.935486	28.629695	0.001370	0.000002	29.010206	0.024816	0.000616	26.729976	0.053467	0.002859	1449.837903
0.232922	72.173867	0.615727	0.379119	76.277605	0.000000	0.000000	28.634373	0.000868	0.000001	29.010245	0.022865	0.000523	26.695901	0.046483	0.002161	1450.049651
0.235164	71.578902	0.586098	0.343511	76.277605	0.000000	0.000000	28.623129	0.002052	0.000004	29.014128	0.030071	0.000904	26.558364	0.085335	0.007282	1449.460546
0.237405	71.487368	0.492921	0.242971	71.918882	5.338324	28.497698	28.622069	0.002268	0.000005	29.005455	0.027622	0.000763	26.824783	0.104040	0.010824	1449.251309
0.239646	70.709336	0.622493	0.387497	66.470478	3.269042	10.686637	28.651819	0.001300	0.000002	29.015035	0.015485	0.000240	26.911203	0.053419	0.002854	1449.768903
0.241887	70.617803	0.459949	0.211553	66.470478	3.269042	10.686637	28.654021	0.001843	0.000003	29.024770	0.030541	0.000933	26.695565	0.062774	0.003941	1449.448735
0.244129	71.487368	0.398984	0.159188	73.008563	4.993544	24.935486	28.652996	0.000516	0.000000	29.027589	0.022571	0.000509	26.760531	0.064704	0.004187	1449.578410
0.246372	71.899268	0.750628	0.563442	76.277605	0.000000	0.000000	28.648549	0.001208	0.000001	29.045043	0.015607	0.000244	26.619410	0.064364	0.004143	1449.906512
0.248616	71.441602	0.661640	0.437767	75.187924	3.269042	10.686637	28.654496	0.003459	0.000012	29.062442	0.029761	0.000886	26.749176	0.077698	0.006037	1450.513487
0.250860	72.311167	0.541518	0.293241	75.187924	3.269042	10.686637	28.687811	0.003240	0.000010	29.057588	0.031469	0.000990	27.015079	0.098519	0.009706	1449.489633
0.253104	72.723066	0.692574	0.479659	66.470478	3.269042	10.686637	28.722815	0.001435	0.000002	29.069231	0.017732	0.000314	27.040263	0.087469	0.007651	1450.078054
0.255346	77.253959	0.703080	0.494321	76.277605	0.000000	0.000000	28.733285	0.000593	0.000000	29.047889	0.024212	0.000586	27.121731	0.077798	0.006053	1449.966195
0.257590	79.267689	0.640732	0.410538	77.803158	4.576659	20.945808	28.715448	0.002224	0.000005	29.025709	0.029383	0.000863	27.016116	0.085185	0.007256	1450.598796
0.259834	81.189886	0.620808	0.385403	75.187924	3.269042	10.686637	28.689323	0.002686	0.000007	29.046949	0.034624	0.001199	26.771063	0.080440	0.006471	1449.488545
0.262076	84.256247	0.854990	0.731009	76.277605	0.000000	0.000000	28.664819	0.001398	0.000002	29.033424	0.016440	0.000270	26.757146	0.065142	0.004243	1450.082304
0.264317	86.910709	1.551346	2.406673	75.187924	3.269042	10.686637	28.652247	0.004051	0.000016	29.019836	0.031811	0.001012	26.619874	0.075746	0.005737	1450.096692
0.266560	89.931304	0.772629	0.596956	76.277605	0.000000	0.000000	28.632883	0.001163	0.000001	29.018975	0.032401	0.001050	26.747021	0.080170	0.006427	1449.375963
0.268801	92.540000	1.354567	1.834853	76.277605	0.000000	0.000000	28.628337	0.002546	0.000006	28.998626	0.034602	0.001197	26.619850	0.092506	0.008557	1450.236356
0.271043	97.208192	1.329596	1.767826	76.277605	0.000000	0.000000	28.620785	0.003530	0.000012	29.012147	0.031564	0.000996	26.855209	0.102745	0.010557	1450.207312
0.273285	97.070892	2.940837	8.648524	79.328711	6.102212	37.236992	28.651957	0.001726	0.000003	29.013151	0.027321	0.000746	26.899821	0.088673	0.007863	1450.355495
0.275528	102.837483	1.663413	2.766941	76.277605	0.000000	0.000000	28.652951	0.002920	0.000009	28.989063	0.021719	0.000472	27.106382	0.072855	0.005308	1449.713913
0.277771	107.139542	1.091703	1.191816	79.328711	6.102212	37.236992	28.665784	0.003270	0.000011	28.982196	0.022700	0.000515	26.890246	0.098451	0.009693	1450.790949
0.280014	111.990801	1.311355	1.719651	76.277605	0.000000	0.000000	28.623879	0.002500	0.000006	28.960907	0.030938	0.000957	26.786813	0.086668	0.007511	1449.631895
0.282257	115.469062	1.586062	2.515592	76.277605	0.000000	0.000000	28.595827	0.004996	0.000025	28.929115	0.035640	0.001270	26.629158	0.071940	0.005175	1449.181936
0.284501	119.176156	1.143249	1.307018	80.854264	6.990962	48.873552	28.558125	0.001859	0.000003	28.936781	0.027396	0.000751	26.524528	0.062610	0.003920	1450.009535
0.286746	121.464485	8.263880	68.291712	77.803158	4.576659	20.945808	28.573830	0.002797	0.000008	28.930076	0.039398	0.001552	26.946156	0.042700	0.001823	1449.264837
0.288989	129.885538	1.873637	3.510517	77.803158	4.576659	20.945808	28.581400	0.002558	0.000007	28.904977	0.020161	0.000406	26.804645	0.061212	0.003747	1449.117440
0.291234	130.526270	2.183407	4.767266	76.277605	0.000000	0.000000	28.568358	0.001001	0.000001	28.899133	0.014868	0.000221	26.838620	0.055677	0.003100	1450.103913
0.293478	130.434737	1.637395	2.681063	76.277605	0.000000	0.000000	28.577300	0.001616	0.000003	28.905000	0.027932	0.000780	26.996632	0.095733	0.009165	1450.344609
0.295722	129.931304	1.468102	2.155324	79.328711	6.102212	37.236992	28.577399	0.001143	0.000001	28.892383	0.029380	0.000863	26.937180	0.072122	0.005202	1450.841264
0.297965	130.297437	1.462384	2.138567	77.803158	4.576659	20.945808	28.588211	0.001054	0.000001	28.920335	0.025564	0.000654	26.891239	0.064107	0.004110	1449.688563
0.300207	130.388970	0.991140	0.982358	79.328711	6.102212	37.236992	28.605928	0.002954	0.000009	28.925240	0.040313	0.001625	27.133104	0.055793	0.003113	1449.393543
0.302449	131.350069	0.818698	0.670266	76.277605	0.000000	0.000000	28.628762	0.002332	0.000005	28.931090	0.030898	0.000955	27.253087	0.068002	0.004624	1449.978611
0.304688	130.526270	0.977307	0.955129	77.803158	4.576659	20.945808	28.623526	0.004917	0.000024	28.940668	0.029358	0.000862	26.747873	0.053252	0.002836	1450.553693
0.306927	130.526270	1.019270	1.038912	76.277605	0.000000	0.000000	28.602876	0.003381	0.000011	28.935863	0.021583	0.000466	26.718114	0.059676	0.003561	1451.327265
0.309168	130.846636	1.147820	1.317491	77.803158	4.576659	20.945808	28.566582	0.001883	0.000004	28.946454	0.039005	0.001521	26.528009	0.082618	0.006826	1450.323235
0.311407	129.427872	0.863522	0.745671	76.277605	0.000000	0.000000	28.575990	0.002706	0.000007	28.969615	0.034310	0.001177	26.699492	0.069316	0.004805	1450.819170
0.313646	129.061739	1.002696	1.005399	76.277605	0.000000	0.000000	28.593896	0.002583	0.000007	28.954148	0.029510	0.000871	26.901187	0.102802	0.010568	1449.964347
0.315885	128.695606	1.207406	1.457828	77.803158	4.576659	20.945808	28.608116	0.001794	0.000003	28.950354	0.023360	0.000546	26.800362	0.072730	0.005290	1451.760032
0.318124	129.107506	0.804503	0.647225	76.277605	0.000000	0.000000	28.585002	0.002238	0.000005	28.973423	0.041743	0.001742	26.559655	0.069182	0.004786	1448.675526
0.320362	130.480503	1.165926	1.359383	76.277605	0.000000	0.000000	28.572370	0.000768	0.000001	28.994656	0.021356	0.000456	26.492924	0.091823	0.008431	1450.727578
0.322604	130.114371	1.327231	1.761542	76.713477	5.912459	34.957176	28.548796	0.002168	0.000005	28.967680	0.027672	0.000766	26.321553	0.069630	0.004848	1450.076909
0.324842	129.610938	1.135897	1.290262	76.277605	0.000000	0.000000	28.551249	0.000627	0.000000	28.978265	0.026958	0.000727	26.379237	0.076472	0.005848	1449.916622
0.327081	130.617803	1.124779	1.265127	75.187924	3.269042	10.686637	28.555515	0.001331	0.000002	28.986114	0.020215	0.000409	26.431050	0.062432	0.003898	1450.851201
0.329320	129.153272	1.415069	2.002419	76.277605	0.000000	0.000000	28.549181	0.002964	0.000009	28.949287	0.032713	0.001070	26.406062	0.081917	0.006710	1449.916739
0.331559	129.977071	1.650138	2.722955	75.187924	3.269042	10.686637	28.583848	0.004181	0.000017	28.992785	0.021746	0.000473	26.756167	0.085842	0.007369	1450.260934
0.333799	129.839771	1.532327	2.348025	76.277605	0.000000	0.000000	28.611814	0.001457	0.000002	28.990934	0.023681	0.000561	26.781432	0.070441	0.004962	1449.491603
0.336040	129.336339	0.896838	0.804319	76.277605	0.000000	0.000000	28.629081	0.000475	0.000000	28.988988	0.032666	0.001067	26.829936	0.098634	0.009729	1449.857820
0.338280	129.977071	1.083035	1.172965	76.277605	0.000000	0.000000	28.644547	0.000624	0.000000	28.996764	0.025920	0.000672	26.887991	0.074119	0.005494	1449.662900
0.340520	130.297437	1.194324	1.426410	76.277605	0.000000	0.000000	28.634321	0.001014	0.000001	29.008314	0.032417	0.001051	26.695473	0.066526	0.004426	1451.019170
0.342761	130.114371	1.211735	1.468301	77.803158	4.576659	20.945808	28.630994	0.001999	0.000004	29.004450	0.024967	0.000623	26.656477	0.058879	0.003467	1451.159173
0.345001	129.748238	1.562110	2.440187	76.277605	0.000000	0.000000	28.617535	0.001094	0.000001	29.024771	0.031394	0.000986	26.558020	0.096188	0.009252	1449.631269
0.347243	129.061739	1.228046	1.508098	76.277605	0.000000	0.000000	28.599479	0.003159	0.000010	28.998639	0.028455	0.000810	26.444667	0.051499	0.002652	1448.988370
0.349483	129.199039	0.893328	0.798035	76.277605	0.000000	0.000000	28.586796	0.001158	0.000001	29.000571	0.025891	0.000670	26.397991	0.080966	0.006556	1450.105312
0.351725	129.061739	1.830664	3.351329	77.803158	4.576659	20.945808	28.591237	0.001613	0.000003	29.003481	0.026590	0.000707	26.584873	0.064142	0.004114	1449.669384
0.353965	128.924439	1.559426	2.431808	76.277605	0.000000	0.000000	28.612801	0.001667	0.000003	29.013080	0.025974	0.000675	26.704844	0.051745	0.002678	1449.674365
0.356205	129.290572	1.028476	1.057763	76.277605	0.000000	0.000000	28.640083	0.003125	0.000010	29.033453	0.018033	0.000325	26.816327	0.055302	0.003058	1450.624724
0.358443	130.251670	1.478764	2.186742	76.277605	0.000000	0.000000	28.643544	0.000987	0.000001	29.025734	0.019840	0.000394	26.726161	0.092880	0.008627	1451.606191
0.360685	129.565172	1.072345	1.149925	76.277605	0.000000	0.000000	28.660287	0.000366	0.000000	29.039162	0.023305	0.000543	26.792088	0.066335	0.004400	1449.699981
0.362926	128.970206	1.172197	1.374045	76.277605	0.000000	0.000000	28.681138	0.004723	0.000022	29.067197	0.025939	0.000673	26.981476	0.082079	0.006737	1450.693603
0.365166	128.970206	1.189931	1.415937	76.277605	0.000000	0.000000	28.706488	0.001423	0.000002	29.046880	0.032340	0.001046	27.026654	0.113281	0.012833	1450.245344
0.367406	129.336339	1.047645	1.097560	76.277605	0.000000	0.000000	28.694579	0.004398	0.000019	29.054685	0.031173	0.000972	26.610746	0.095128	0.009049	1450.513042
0.369646	129.656705	1.121982	1.258843	76.277605	0.000000	0.000000	28.668831	0.002584	0.000007	29.073058	0.020627	0.000425	26.516677	0.090274	0.008149	1450.064117
0.371887	129.565172	1.617446	2.616131	76.277605	0.000000	0.000000	28.662050	0.000795	0.000001	29.062383	0.024552	0.000603	26.604918	0.041649	0.001735	1449.910129
0.374126	130.022838	1.052632	1.108033	76.277605	0.000000	0.000000	28.667174	0.001160	0.000001	29.062440	0.025405	0.000645	26.683622	0.106212	0.011281	1449.859264
0.376367	129.977071	0.765822	0.586483	76.277605	0.000000	0.000000	28.674770	0.001282	0.000002	29.082761	0.026608	0.000708	26.667600	0.055263	0.003054	1450.975823
0.378607	129.336339	1.214325	1.474585	76.277605	0.000000	0.000000	28.693173	0.002703	0.000007	29.111770	0.022406	0.000502	26.746464	0.059307	0.003517	1450.259473
0.380846	129.656705	1.103155	1.216951	76.277605	0.000000	0.000000	28.725288	0.003747	0.000014	29.098145	0.032873	0.001081	27.005669	0.046907	0.002200	1450.107575
0.383086	129.519405	1.261698	1.591881	75.187924	3.269042	10.686637	28.745960	0.001285	0.000002	29.110747	0.018586	0.000345	26.975289	0.094264	0.008886	1449.714303
0.385325	129.519405	1.139579	1.298640	76.277605	0.000000	0.000000	28.747820	0.000940	0.000001	29.119482	0.023296	0.000543	26.908203	0.065639	0.004309	1450.624827
0.387564	129.565172	1.285544	1.652624	76.277605	0.000000	0.000000	28.751027	0.000822	0.000001	29.118502	0.021400	0.000458	26.912451	0.121085	0.014662	1450.222655
0.389802	129.656705	1.245827	1.552084	77.803158	4.576659	20.945808	28.744466	0.001534	0.000002	29.114634	0.023840	0.000568	26.810101	0.093201	0.008686	1449.375338
0.392041	129.244805	1.665300	2.773225	76.713477	5.912459	34.957176	28.736855	0.002460	0.000006	29.128169	0.033067	0.001093	26.676067	0.056126	0.003150	1450.542845
0.394280	129.748238	1.232303	1.518571	75.187924	3.269042	10.686637	28.727898	0.001731	0.000003	29.128202	0.020948	0.000439	26.792226	0.071361	0.005092	1449.179287
0.396519	129.702471	0.823799	0.678644	76.277605	0.000000	0.000000	28.749991	0.002063	0.000004	29.149425	0.028495	0.000812	26.872635	0.085105	0.007243	1450.291081
0.398759	129.794005	1.143249	1.307018	76.277605	0.000000	0.000000	28.751835	0.001365	0.000002	29.136846	0.022471	0.000505	26.745268	0.076146	0.005798	1449.348979
0.400998	129.565172	1.072345	1.149925	76.277605	0.000000	0.000000	28.763950	0.001531	0.000002	29.155223	0.035255	0.001243	26.895255	0.062040	0.003849	1449.227899
0.403236	129.885538	1.274910	1.625395	76.277605	0.000000	0.000000	28.793944	0.003703	0.000014	29.186205	0.033880	0.001148	27.012481	0.051568	0.002659	1450.008068
0.405476	129.427872	1.339015	1.792961	76.277605	0.000000	0.000000	28.806759	0.001256	0.000002	29.173539	0.053594	0.002872	26.961324	0.087783	0.007706	1448.509578
0.407716	128.832906	1.068432	1.141547	76.277605	0.000000	0.000000	28.812530	0.001306	0.000002	29.199717	0.036951	0.001365	26.960313	0.052325	0.002738	1450.946228
0.409955	129.885538	1.039617	1.080804	76.277605	0.000000	0.000000	28.821671	0.001030	0.000001	29.197868	0.022710	0.000516	26.998810	0.045414	0.002062	1449.641742
0.412192	129.427872	1.992818	3.971325	76.277605	0.000000	0.000000	28.830799	0.001079	0.000001	29.188151	0.028213	0.000796	27.019593	0.085880	0.007375	1451.235901
0.414430	128.970206	1.369943	1.876744	77.803158	4.576659	20.945808	28.835791	0.001619	0.000003	29.202716	0.029430	0.000866	27.030636	0.085738	0.007351	1451.245382
0.416668	128.787140	1.376045	1.893501	76.277605	0.000000	0.000000	28.834785	0.000761	0.000001	29.210361	0.037031	0.001371	26.954812	0.077950	0.006076	1450.592555
0.418906	129.061739	0.937936	0.879724	76.277605	0.000000	0.000000	28.843690	0.001314	0.000002	29.211388	0.027752	0.000770	26.968688	0.063801	0.004071	1450.266634
