0.000000	8.741414	26.224243	687.710898	7.627760	22.883281	523.644571	2.840493	8.521478	72.615595	2.892602	8.677806	75.304315	2.629548	7.888644	62.230708	143.129771
0.002311	77.391259	6.582916	43.334782	67.560159	4.358723	18.998465	28.408003	0.000962	0.000001	28.880874	0.029940	0.000896	26.028243	0.054642	0.002986	1447.974059
0.004598	85.949611	7.682246	59.016909	71.918882	5.338324	28.497698	28.388203	0.001117	0.000001	28.836400	0.035333	0.001248	26.074636	0.073525	0.005406	1449.355055
0.006885	99.496522	4.195576	17.602857	71.918882	5.338324	28.497698	28.368009	0.003001	0.000009	28.807527	0.014344	0.000206	25.997119	0.094104	0.008856	1448.777628
0.009171	98.855789	3.768456	14.201258	69.739521	5.338324	28.497698	28.360291	0.000556	0.000000	28.805558	0.013781	0.000190	26.081030	0.095983	0.009213	1449.840012
0.011456	99.450755	4.052605	16.423608	74.098243	4.358723	18.998465	28.356740	0.002038	0.000004	28.804615	0.023304	0.000543	26.175349	0.065769	0.004326	1449.587054
0.013740	100.274554	3.093564	9.570140	67.560159	4.358723	18.998465	28.357928	0.000552	0.000000	28.778577	0.026681	0.000712	26.234398	0.076685	0.005881	1450.797522
0.016026	101.281419	1.140498	1.300735	68.649840	4.993544	24.935486	28.373207	0.001711	0.000003	28.794950	0.030244	0.000915	26.304559	0.061486	0.003781	1450.779541
0.018312	100.457620	3.975376	15.803612	69.739521	5.338324	28.497698	28.377125	0.000807	0.000001	28.787232	0.024800	0.000615	26.346681	0.091785	0.008424	1449.518627
0.020598	95.011396	15.950428	254.416162	70.829201	5.448404	29.685102	28.390862	0.001367	0.000002	28.794005	0.041195	0.001697	26.459807	0.048587	0.002361	1450.403839
0.022883	100.228787	1.558754	2.429714	68.649840	4.993544	24.935486	28.369177	0.001857	0.000003	28.796877	0.029965	0.000898	26.096277	0.089390	0.007991	1450.806527
0.025169	97.391259	6.997351	48.962921	71.265074	8.330180	69.391894	28.373939	0.000896	0.000001	28.803685	0.027665	0.000765	26.244211	0.043759	0.001915	1449.974081
0.027457	95.240229	12.479182	155.729988	68.649840	4.993544	24.935486	28.368563	0.002366	0.000006	28.794007	0.022075	0.000487	26.095509	0.048887	0.002390	1449.923613
0.029744	96.613227	12.559490	157.740785	73.008563	4.993544	24.935486	28.355661	0.001165	0.000001	28.796855	0.013071	0.000171	26.173181	0.073889	0.005460	1450.022001
0.032031	97.391259	3.435849	11.805057	67.560159	4.358723	18.998465	28.365530	0.000484	0.000000	28.791144	0.023288	0.000542	26.222698	0.063018	0.003971	1451.171357
0.034319	95.743661	5.410532	29.273861	70.829201	5.448404	29.685102	28.366739	0.001138	0.000001	28.792008	0.036660	0.001344	26.175950	0.083354	0.006948	1448.774155
0.036605	87.185309	20.609453	424.749567	71.918882	5.338324	28.497698	28.364645	0.000644	0.000000	28.792118	0.010912	0.000119	26.180210	0.067567	0.004565	1449.434661
0.038892	85.675011	17.556484	308.230132	74.098243	4.358723	18.998465	28.327317	0.002530	0.000006	28.828714	0.042147	0.001776	25.604040	0.096640	0.009339	1449.450703
0.041178	91.533135	11.310924	127.936995	69.739521	5.338324	28.497698	28.316728	0.000643	0.000000	28.879888	0.020143	0.000406	25.411604	0.054280	0.002946	1449.276273
0.043467	81.784851	11.246016	126.472883	75.187924	3.269042	10.686637	28.323256	0.003908	0.000015	28.890506	0.022841	0.000522	25.629939	0.102338	0.010473	1450.081941
0.045754	87.963341	8.119669	65.929025	69.739521	5.338324	28.497698	28.340436	0.001033	0.000001	28.883774	0.017366	0.000302	25.626983	0.064406	0.004148	1449.698815
0.048041	89.336339	10.355393	107.234158	71.918882	5.338324	28.497698	28.339100	0.002782	0.000008	28.868196	0.030576	0.000935	25.783772	0.036794	0.001354	1450.301816
0.050326	89.244805	10.884369	118.469490	71.918882	5.338324	28.497698	28.361768	0.003807	0.000014	28.852787	0.040485	0.001639	26.023633	0.058987	0.003479	1451.020127
0.052613	87.963341	8.695170	75.605988	71.918882	5.338324	28.497698	28.383853	0.002717	0.000007	28.846954	0.032567	0.001061	26.137174	0.066917	0.004478	1449.068818
0.054899	88.237941	7.480563	55.958821	75.623796	6.825960	46.593736	28.381427	0.000843	0.000001	28.820035	0.007478	0.000056	26.113202	0.062985	0.003967	1449.687824
0.057185	89.565172	4.908133	24.089774	69.739521	5.338324	28.497698	28.369544	0.000692	0.000000	28.815233	0.025607	0.000656	26.064374	0.055006	0.003026	1449.337618
0.059469	90.892403	7.911666	62.594453	67.560159	4.358723	18.998465	28.357960	0.001590	0.000003	28.861500	0.021684	0.000470	25.913214	0.049654	0.002466	1450.641548
0.061754	82.379817	10.656837	113.568171	71.918882	5.338324	28.497698	28.353921	0.000877	0.000001	28.871180	0.020323	0.000413	25.783238	0.078123	0.006103	1449.139871
0.064039	85.217346	12.264763	150.424414	70.829201	5.448404	29.685102	28.351029	0.001256	0.000002	28.854730	0.029190	0.000852	25.734415	0.088515	0.007835	1450.160572
0.066322	87.734508	9.217282	84.958292	71.918882	5.338324	28.497698	28.358367	0.001098	0.000001	28.848022	0.019517	0.000381	25.968710	0.056845	0.003231	1450.628502
0.068605	91.624668	0.703080	0.494321	67.560159	4.358723	18.998465	28.364994	0.001164	0.000001	28.859542	0.012628	0.000159	25.927860	0.042132	0.001775	1450.230104
0.070889	91.716201	0.419458	0.175945	69.085712	8.157336	66.542125	28.371476	0.000894	0.000001	28.866324	0.038086	0.001451	25.921076	0.058074	0.003373	1449.548871
0.073171	91.533135	0.614023	0.377025	65.380798	0.000000	0.000000	28.380230	0.002265	0.000005	28.849013	0.021588	0.000466	26.136345	0.071004	0.005042	1450.252114
0.075454	91.304302	0.551103	0.303714	66.470478	3.269042	10.686637	28.408752	0.000839	0.000001	28.852796	0.025211	0.000636	26.211377	0.050118	0.002512	1449.717713
0.077737	91.258535	0.586098	0.343511	67.560159	4.358723	18.998465	28.386179	0.002260	0.000005	28.867304	0.026785	0.000717	25.816259	0.070910	0.005028	1450.274292
0.080019	85.446178	9.682744	93.755531	71.918882	5.338324	28.497698	28.378826	0.000593	0.000000	28.859635	0.024601	0.000605	25.960625	0.067704	0.004584	1449.937045
0.082302	83.752815	8.933282	79.803528	73.008563	4.993544	24.935486	28.383204	0.001027	0.000001	28.839344	0.025922	0.000672	26.017902	0.088373	0.007810	1449.796279
0.084585	90.160137	1.504044	2.262147	68.649840	4.993544	24.935486	28.400550	0.000657	0.000000	28.842233	0.022418	0.000503	26.154397	0.048303	0.002333	1449.842040
0.086869	91.075469	0.501348	0.251350	67.560159	4.358723	18.998465	28.387158	0.001377	0.000002	28.842224	0.026258	0.000689	26.031175	0.061218	0.003748	1451.489851
0.089154	90.892403	0.771272	0.594861	66.470478	3.269042	10.686637	28.405032	0.000988	0.000001	28.834449	0.026995	0.000729	26.279079	0.073882	0.005459	1450.585733
0.091440	90.617803	0.765822	0.586483	65.380798	0.000000	0.000000	28.414179	0.001442	0.000002	28.823811	0.025975	0.000675	26.414360	0.048511	0.002353	1449.030885
0.093723	85.903844	10.629383	112.983783	69.739521	5.338324	28.497698	28.429860	0.001437	0.000002	28.829636	0.037552	0.001410	26.435616	0.072342	0.005233	1449.438082
0.096009	89.794005	1.884784	3.552409	66.470478	3.269042	10.686637	28.430190	0.002343	0.000005	28.829651	0.035292	0.001245	26.321847	0.082620	0.006826	1449.643740
0.098294	90.251670	0.887447	0.787562	66.470478	3.269042	10.686637	28.429202	0.001103	0.000001	28.828753	0.023055	0.000532	26.367532	0.045508	0.002071	1449.030588
0.100577	90.434737	0.466729	0.217836	66.470478	3.269042	10.686637	28.431112	0.000788	0.000001	28.833600	0.021229	0.000451	26.426345	0.042201	0.001781	1449.418619
0.102861	90.297437	0.819976	0.672360	66.470478	3.269042	10.686637	28.428816	0.000892	0.000001	28.851908	0.026285	0.000691	26.312471	0.063563	0.004040	1449.784221
0.105146	90.114371	0.804503	0.647225	66.470478	3.269042	10.686637	28.429285	0.001650	0.000003	28.851822	0.044002	0.001936	26.231865	0.081903	0.006708	1450.878932
0.107432	82.288284	11.234370	126.211060	73.444435	7.921012	62.742432	28.415027	0.003156	0.000010	28.829620	0.022983	0.000528	26.155277	0.040303	0.001624	1449.495825
0.109716	89.977071	0.653678	0.427294	66.470478	3.269042	10.686637	28.418344	0.000422	0.000000	28.824909	0.016317	0.000266	26.341274	0.033330	0.001111	1450.610788
0.112001	89.794005	0.672629	0.452429	67.560159	4.358723	18.998465	28.424539	0.001251	0.000002	28.851895	0.022869	0.000523	26.309745	0.066960	0.004484	1449.961032
0.114287	90.022838	0.459949	0.211553	68.649840	4.993544	24.935486	28.432308	0.001120	0.000001	28.847974	0.030000	0.000900	26.330305	0.066315	0.004398	1450.398945
0.116570	89.931304	0.655278	0.429389	66.470478	3.269042	10.686637	28.434213	0.001198	0.000001	28.839254	0.032818	0.001077	26.316409	0.045032	0.002028	1449.869293
0.118855	80.137254	11.607855	134.742288	70.829201	5.448404	29.685102	28.434940	0.001091	0.000001	28.859576	0.038520	0.001484	26.330540	0.059547	0.003546	1450.134215
0.121140	85.217346	8.191580	67.101990	68.649840	4.993544	24.935486	28.447370	0.000982	0.000001	28.848978	0.024487	0.000600	26.411039	0.068139	0.004643	1449.883308
0.123425	89.473638	2.281454	5.205033	69.739521	5.338324	28.497698	28.440733	0.000512	0.000000	28.867306	0.018972	0.000360	26.296285	0.067635	0.004575	1449.754559
0.125711	89.610938	0.732265	0.536213	68.649840	4.993544	24.935486	28.427865	0.001959	0.000004	28.846127	0.022431	0.000503	26.214140	0.044316	0.001964	1449.734380
0.127993	89.473638	0.622493	0.387497	65.380798	0.000000	0.000000	28.408143	0.000673	0.000000	28.847019	0.021520	0.000463	26.164610	0.054195	0.002937	1450.223736
0.130277	89.748238	0.431761	0.186418	66.470478	3.269042	10.686637	28.402067	0.000690	0.000000	28.841219	0.018811	0.000354	26.132713	0.054731	0.002995	1449.087106
0.132562	85.537712	8.699144	75.675110	68.649840	4.993544	24.935486	28.408496	0.001798	0.000003	28.838390	0.039178	0.001535	26.330533	0.058858	0.003464	1450.093063
0.134846	86.590343	3.585017	12.852348	69.739521	5.338324	28.497698	28.423866	0.001237	0.000002	28.854800	0.018913	0.000358	26.316835	0.056465	0.003188	1448.457042
0.137129	86.132677	9.081642	82.476213	66.470478	3.269042	10.686637	28.433299	0.001370	0.000002	28.862453	0.030861	0.000952	26.375571	0.096261	0.009266	1449.968591
0.139413	81.784851	10.081228	101.631155	69.739521	5.338324	28.497698	28.446419	0.001142	0.000001	28.859612	0.033562	0.001126	26.302882	0.040883	0.001671	1450.385797
0.141696	82.929016	10.391737	107.988208	68.649840	4.993544	24.935486	28.452666	0.002779	0.000008	28.872166	0.018909	0.000358	26.468776	0.080177	0.006428	1450.729322
0.143979	88.466773	1.808215	3.269641	68.649840	4.993544	24.935486	28.469969	0.001347	0.000002	28.889521	0.026196	0.000686	26.441353	0.069287	0.004801	1450.610288
0.146262	89.610938	0.571625	0.326755	65.380798	0.000000	0.000000	28.462599	0.001181	0.000001	28.876947	0.035168	0.001237	26.435496	0.051580	0.002660	1450.721503
0.148545	89.382105	1.176655	1.384518	66.470478	3.269042	10.686637	28.471003	0.000505	0.000000	28.870286	0.014842	0.000220	26.461468	0.031792	0.001011	1449.867200
0.150830	88.970206	1.420977	2.019176	68.649840	4.993544	24.935486	28.468864	0.000950	0.000001	28.874061	0.016218	0.000263	26.385431	0.064365	0.004143	1449.422015
0.153114	73.821465	11.943326	142.643047	73.008563	4.993544	24.935486	28.463189	0.000703	0.000000	28.872145	0.028720	0.000825	26.405641	0.070724	0.005002	1449.867330
0.155398	87.551442	4.658535	21.701952	67.560159	4.358723	18.998465	28.441997	0.004710	0.000022	28.864356	0.033776	0.001141	26.024440	0.074770	0.005591	1449.516262
0.157681	89.336339	0.607162	0.368646	66.470478	3.269042	10.686637	28.439613	0.000541	0.000000	28.875995	0.017174	0.000295	26.258919	0.058424	0.003413	1450.385883
0.159966	89.153272	0.703080	0.494321	68.649840	4.993544	24.935486	28.455226	0.001664	0.000003	28.875027	0.024489	0.000600	26.431807	0.048384	0.002341	1450.948050
0.162249	89.244805	0.541518	0.293241	66.470478	3.269042	10.686637	28.460406	0.000697	0.000000	28.894341	0.018354	0.000337	26.308964	0.050631	0.002563	1450.708676
0.164534	89.244805	0.647237	0.418916	67.560159	4.358723	18.998465	28.447089	0.000757	0.000001	28.883764	0.024462	0.000598	26.212221	0.054720	0.002994	1448.875908
0.166818	87.826041	4.888463	23.897072	70.829201	5.448404	29.685102	28.436771	0.001327	0.000002	28.877917	0.026602	0.000708	26.266271	0.054305	0.002949	1450.690234
0.169101	89.519405	0.653678	0.427294	66.470478	3.269042	10.686637	28.436599	0.000789	0.000001	28.861554	0.022893	0.000524	26.319338	0.033716	0.001137	1449.520999
0.171386	89.610938	0.998509	0.997020	69.739521	5.338324	28.497698	28.413785	0.006114	0.000037	28.871184	0.020216	0.000409	25.757064	0.069340	0.004808	1447.740519
0.173671	89.565172	1.176655	1.384518	67.560159	4.358723	18.998465	28.375245	0.004743	0.000022	28.884718	0.036461	0.001329	25.562346	0.074855	0.005603	1449.587681
0.175955	87.917574	4.931124	24.315988	66.470478	3.269042	10.686637	28.358170	0.001023	0.000001	28.910775	0.017415	0.000303	25.628671	0.055650	0.003097	1451.257775
0.178241	89.748238	0.661640	0.437767	68.649840	4.993544	24.935486	28.387288	0.002924	0.000009	28.899161	0.036928	0.001364	25.987966	0.073475	0.005399	1449.375366
0.180527	86.773410	5.345883	28.578460	68.649840	4.993544	24.935486	28.409846	0.000771	0.000001	28.897268	0.021562	0.000465	25.921654	0.064993	0.004224	1450.065544
0.182812	75.972494	7.704571	59.360420	74.098243	4.358723	18.998465	28.379768	0.002608	0.000007	28.902148	0.014494	0.000210	25.582063	0.076068	0.005786	1450.391822
0.185097	88.787140	1.083035	1.172965	68.649840	4.993544	24.935486	28.356862	0.001712	0.000003	28.946501	0.014628	0.000214	25.436953	0.073913	0.005463	1449.462133
0.187382	81.647551	10.394559	108.046856	71.918882	5.338324	28.497698	28.352380	0.002492	0.000006	28.922324	0.029321	0.000860	25.377729	0.094768	0.008981	1449.048147
0.189665	89.244805	0.614023	0.377025	67.560159	4.358723	18.998465	28.356970	0.003292	0.000011	28.971616	0.036153	0.001307	25.485023	0.066685	0.004447	1451.033088
0.191949	86.590343	7.913254	62.619587	66.470478	3.269042	10.686637	28.394949	0.001937	0.000004	28.930943	0.039013	0.001522	25.803860	0.041696	0.001739	1451.410480
0.194231	87.002243	5.248013	27.541643	67.560159	4.358723	18.998465	28.403849	0.001492	0.000002	28.934880	0.037160	0.001381	25.641596	0.068294	0.004664	1450.742401
0.196516	90.297437	0.543448	0.295336	66.470478	3.269042	10.686637	28.408398	0.001693	0.000003	28.937819	0.028242	0.000798	25.661265	0.064222	0.004124	1450.485250
0.198801	90.068604	0.672629	0.452429	67.560159	4.358723	18.998465	28.385554	0.001499	0.000002	28.932012	0.026353	0.000695	25.493719	0.046963	0.002206	1448.820981
0.201085	90.205904	0.947932	0.898575	68.649840	4.993544	24.935486	28.397331	0.000915	0.000001	28.959011	0.036430	0.001327	25.590833	0.060218	0.003626	1449.424476
0.203369	90.663570	0.431761	0.186418	66.470478	3.269042	10.686637	28.387407	0.001052	0.000001	28.983201	0.029150	0.000850	25.434303	0.067018	0.004491	1450.433055
0.205653	86.773410	8.138736	66.239023	66.470478	3.269042	10.686637	28.393580	0.001443	0.000002	28.965781	0.033886	0.001148	25.544545	0.054505	0.002971	1452.343885
0.207936	90.434737	0.684972	0.469186	67.560159	4.358723	18.998465	28.399539	0.001254	0.000002	28.962892	0.019724	0.000389	25.634211	0.073415	0.005390	1451.071644
0.210222	87.414142	4.594929	21.113374	67.560159	4.358723	18.998465	28.398548	0.001174	0.000001	28.957055	0.027885	0.000778	25.557555	0.062788	0.003942	1450.904734
0.212508	90.388970	0.874369	0.764522	67.560159	4.358723	18.998465	28.403222	0.001348	0.000002	28.956128	0.023433	0.000549	25.673994	0.040041	0.001603	1451.045649
0.214792	90.343204	0.509635	0.259728	67.560159	4.358723	18.998465	28.399306	0.001648	0.000003	28.966742	0.038604	0.001490	25.531650	0.049048	0.002406	1450.062262
0.217077	89.794005	0.813565	0.661888	67.560159	4.358723	18.998465	28.393694	0.001552	0.000002	28.977393	0.027017	0.000730	25.386403	0.041492	0.001722	1449.584390
0.219360	89.794005	0.492921	0.242971	65.380798	0.000000	0.000000	28.380846	0.001018	0.000001	28.977450	0.022032	0.000485	25.322261	0.034169	0.001168	1449.040100
0.221644	90.022838	0.680369	0.462902	66.470478	3.269042	10.686637	28.400561	0.002340	0.000005	28.955160	0.020268	0.000411	25.697836	0.096431	0.009299	1450.833772
0.223928	89.748238	0.380166	0.144526	65.380798	0.000000	0.000000	28.419369	0.003672	0.000013	28.975471	0.014646	0.000215	25.793570	0.080734	0.006518	1449.461949
0.226211	89.290572	0.879147	0.772900	66.470478	3.269042	10.686637	28.426589	0.002079	0.000004	28.960941	0.015726	0.000247	25.624926	0.024623	0.000606	1450.692277
0.228495	88.192174	2.887651	8.338526	65.380798	0.000000	0.000000	28.406962	0.002631	0.000007	28.969696	0.027119	0.000735	25.456941	0.062052	0.003850	1449.334839
0.230778	87.597208	1.763054	3.108358	66.470478	3.269042	10.686637	28.406963	0.002930	0.000009	28.991922	0.026184	0.000686	25.580593	0.045421	0.002063	1450.151274
0.233062	89.473638	0.622493	0.387497	69.739521	5.338324	28.497698	28.406017	0.001326	0.000002	28.956132	0.026849	0.000721	25.650168	0.067746	0.004590	1450.146089
0.235344	88.970206	0.684972	0.469186	67.560159	4.358723	18.998465	28.421769	0.000924	0.000001	28.967736	0.032325	0.001045	25.692823	0.042759	0.001828	1447.739553
0.237627	89.153272	0.703080	0.494321	67.560159	4.358723	18.998465	28.435678	0.001299	0.000002	28.981228	0.024496	0.000600	25.753983	0.105869	0.011208	1450.959263
0.239908	89.336339	0.398984	0.159188	67.560159	4.358723	18.998465	28.425821	0.001473	0.000002	29.001586	0.025834	0.000667	25.574650	0.052171	0.002722	1450.513691
0.242190	88.924439	0.845134	0.714252	66.470478	3.269042	10.686637	28.418760	0.002154	0.000005	28.973587	0.032241	0.001039	25.524802	0.052690	0.002776	1450.933735
0.244472	89.107506	0.869565	0.756144	66.470478	3.269042	10.686637	28.403659	0.001738	0.000003	28.977405	0.026975	0.000728	25.456922	0.052503	0.002757	1450.586848
0.246755	86.681876	2.371045	5.621855	68.649840	4.993544	24.935486	28.403413	0.002501	0.000006	28.976442	0.027647	0.000764	25.622591	0.051551	0.002657	1449.363988
0.249038	89.199039	0.629187	0.395876	68.649840	4.993544	24.935486	28.427589	0.001357	0.000002	28.982229	0.021566	0.000465	25.661489	0.070117	0.004916	1449.070440
0.251322	88.878673	0.760332	0.578104	65.380798	0.000000	0.000000	28.432764	0.001288	0.000002	28.988012	0.027781	0.000772	25.720840	0.074148	0.005498	1449.797257
0.253605	81.693318	8.491522	72.105944	68.649840	4.993544	24.935486	28.468315	0.004033	0.000016	28.992837	0.020534	0.000422	26.073872	0.046498	0.002162	1449.453473
0.255886	88.695606	0.838915	0.703779	66.470478	3.269042	10.686637	28.509321	0.002594	0.000007	28.984218	0.019855	0.000394	26.280535	0.053674	0.002881	1451.213727
0.258170	86.864943	4.009738	16.078002	68.649840	4.993544	24.935486	28.519863	0.003211	0.000010	28.993818	0.030883	0.000954	25.969769	0.106660	0.011376	1450.503519
0.260452	88.787140	0.457666	0.209458	65.380798	0.000000	0.000000	28.487319	0.001001	0.000001	28.988959	0.023796	0.000566	25.909575	0.080152	0.006424	1450.122145
0.262734	88.604073	0.586098	0.343511	66.470478	3.269042	10.686637	28.503457	0.000844	0.000001	28.998691	0.024176	0.000584	26.070394	0.056342	0.003174	1450.707169
0.265018	87.185309	4.517930	20.411690	68.649840	4.993544	24.935486	28.512349	0.001576	0.000002	28.990947	0.020813	0.000433	26.025414	0.071046	0.005048	1449.845105
0.267301	88.604073	0.714897	0.511078	67.560159	4.358723	18.998465	28.491519	0.002803	0.000008	29.007317	0.031490	0.000992	25.730363	0.046188	0.002133	1450.388283
0.269585	86.315744	4.215498	17.770423	69.739521	5.338324	28.497698	28.464480	0.000908	0.000001	29.014137	0.024161	0.000584	25.647470	0.065453	0.004284	1448.019482
0.271868	88.787140	0.578907	0.335133	66.470478	3.269042	10.686637	28.443768	0.002247	0.000005	29.011229	0.026165	0.000685	25.464246	0.054260	0.002944	1449.879408
0.274150	88.237941	2.445838	5.982123	68.649840	4.993544	24.935486	28.418425	0.002554	0.000007	28.991905	0.032055	0.001028	25.367231	0.045660	0.002085	1450.966110
0.276432	88.832906	0.477817	0.228309	67.560159	4.358723	18.998465	28.406598	0.001878	0.000004	29.001565	0.034235	0.001172	25.443510	0.034818	0.001212	1450.037862
0.278714	88.558307	0.686499	0.471281	67.560159	4.358723	18.998465	28.422334	0.000893	0.000001	28.995781	0.028281	0.000800	25.592770	0.065589	0.004302	1450.610430
0.280996	88.283707	0.629187	0.395876	66.470478	3.269042	10.686637	28.441404	0.001450	0.000002	29.001569	0.027265	0.000743	25.726710	0.034938	0.001221	1450.793895
0.283277	87.780275	2.651304	7.029413	66.470478	3.269042	10.686637	28.459199	0.001952	0.000004	28.999626	0.026457	0.000700	25.822760	0.040060	0.001605	1452.583701
0.285562	88.604073	0.586098	0.343511	66.470478	3.269042	10.686637	28.468776	0.001310	0.000002	29.018921	0.032087	0.001030	25.769852	0.071790	0.005154	1451.159658
0.287846	86.224211	7.262914	52.749923	67.560159	4.358723	18.998465	28.465462	0.001598	0.000003	28.991889	0.027620	0.000763	25.735066	0.027373	0.000749	1449.658859
0.290131	88.695606	0.492921	0.242971	65.380798	0.000000	0.000000	28.449810	0.001063	0.000001	29.004493	0.016999	0.000289	25.596514	0.031764	0.001009	1450.319180
0.292412	88.329474	1.418026	2.010798	70.829201	5.448404	29.685102	28.437138	0.001705	0.000003	29.016090	0.018785	0.000353	25.399443	0.038658	0.001494	1449.088215
0.294695	88.695606	0.448419	0.201080	67.560159	4.358723	18.998465	28.414094	0.000807	0.000001	29.032427	0.036289	0.001317	25.289464	0.054098	0.002927	1450.333089
0.296979	88.466773	0.615727	0.379119	65.380798	0.000000	0.000000	28.404897	0.001374	0.000002	29.002509	0.025729	0.000662	25.421065	0.050804	0.002581	1449.411381
0.299261	88.695606	0.703080	0.494321	66.470478	3.269042	10.686637	28.408238	0.000962	0.000001	29.008364	0.012429	0.000154	25.359079	0.071336	0.005089	1451.059682
0.301544	87.276842	4.567726	20.864119	66.470478	3.269042	10.686637	28.410128	0.000616	0.000000	29.004511	0.016428	0.000270	25.394811	0.035093	0.001232	1450.796633
0.303828	88.649840	0.648853	0.421011	65.380798	0.000000	0.000000	28.412374	0.000893	0.000001	29.008335	0.026025	0.000677	25.456809	0.043592	0.001900	1449.520691
0.306110	88.466773	0.794021	0.630469	66.470478	3.269042	10.686637	28.426115	0.000964	0.000001	29.014131	0.045620	0.002081	25.515475	0.062698	0.003931	1449.433343
0.308392	88.604073	0.743619	0.552969	65.380798	0.000000	0.000000	28.429079	0.001059	0.000001	29.018039	0.022554	0.000509	25.469326	0.024947	0.000622	1449.824907
0.310672	88.604073	0.466729	0.217836	67.560159	4.358723	18.998465	28.430034	0.001660	0.000003	29.006374	0.022951	0.000527	25.465557	0.092622	0.008579	1449.702666
0.312954	88.558307	0.307012	0.094256	67.560159	4.358723	18.998465	28.425118	0.003216	0.000010	29.027666	0.027358	0.000748	25.548407	0.060210	0.003625	1450.077119
0.315237	87.505675	2.841954	8.076704	65.380798	0.000000	0.000000	28.449916	0.000889	0.000001	29.026616	0.027722	0.000769	25.586611	0.073345	0.005380	1450.060622
0.317522	88.695606	0.813565	0.661888	65.380798	0.000000	0.000000	28.458183	0.002788	0.000008	29.014051	0.028496	0.000812	25.497505	0.054786	0.003001	1449.435622
0.319805	88.329474	0.737964	0.544591	65.380798	0.000000	0.000000	28.450458	0.000974	0.000001	29.033442	0.028455	0.000810	25.568781	0.057035	0.003253	1448.312173
0.322089	88.329474	0.409349	0.167566	66.470478	3.269042	10.686637	28.447463	0.001063	0.000001	29.023771	0.030754	0.000946	25.470226	0.067218	0.004518	1451.243075
0.324373	88.604073	0.466729	0.217836	66.470478	3.269042	10.686637	28.417778	0.001156	0.000001	29.031504	0.013961	0.000195	25.263648	0.088665	0.007861	1449.418877
0.326655	88.604073	0.466729	0.217836	66.470478	3.269042	10.686637	28.447062	0.004387	0.000019	29.045999	0.015110	0.000228	25.713463	0.061388	0.003768	1453.549742
0.328940	85.720778	4.925174	24.257340	66.470478	3.269042	10.686637	28.470730	0.000866	0.000001	29.045976	0.021662	0.000469	25.599235	0.039122	0.001531	1449.880080
0.331222	88.375240	0.750628	0.563442	68.649840	4.993544	24.935486	28.457137	0.000636	0.000000	29.033450	0.036755	0.001351	25.512786	0.044102	0.001945	1449.668880
0.333504	88.375240	0.431761	0.186418	65.380798	0.000000	0.000000	28.452352	0.002576	0.000007	29.053716	0.040230	0.001618	25.511629	0.038829	0.001508	1450.252565
0.335787	88.054874	1.534376	2.354309	66.470478	3.269042	10.686637	28.450405	0.001130	0.000001	29.031546	0.020520	0.000421	25.446678	0.061963	0.003839	1448.892237
0.338069	88.237941	0.533726	0.284863	66.470478	3.269042	10.686637	28.465885	0.002718	0.000007	29.054677	0.027317	0.000746	25.663037	0.063626	0.004048	1450.638274
0.340353	88.375240	0.380166	0.144526	66.470478	3.269042	10.686637	28.494229	0.001764	0.000003	29.056667	0.036978	0.001367	25.702029	0.066147	0.004375	1449.757254
0.342637	88.375240	0.558652	0.312093	65.380798	0.000000	0.000000	28.504299	0.000825	0.000001	29.052784	0.026813	0.000719	25.793654	0.045843	0.002102	1449.083182
0.344921	88.695606	0.492921	0.242971	66.470478	3.269042	10.686637	28.501673	0.001353	0.000002	29.055713	0.025312	0.000641	25.711445	0.065697	0.004316	1450.641448
0.347207	88.283707	0.594966	0.353984	65.380798	0.000000	0.000000	28.533590	0.002635	0.000007	29.067250	0.037475	0.001404	25.955682	0.074418	0.005538	1449.408522
0.349492	88.421007	0.760332	0.578104	66.470478	3.269042	10.686637	28.531187	0.001548	0.000002	29.077921	0.027633	0.000764	25.712322	0.045001	0.002025	1448.186013
0.351775	87.963341	0.640732	0.410538	65.380798	0.000000	0.000000	28.517690	0.001198	0.000001	29.062335	0.034478	0.001189	25.737010	0.046898	0.002199	1449.223930
0.354059	88.375240	0.661640	0.437767	66.470478	3.269042	10.686637	28.505675	0.002075	0.000004	29.064403	0.026294	0.000691	25.562470	0.061150	0.003739	1449.097214
0.356341	87.002243	2.568236	6.595835	66.470478	3.269042	10.686637	28.488930	0.000745	0.000001	29.077929	0.033869	0.001147	25.497540	0.056720	0.003217	1450.041394
0.358626	88.192174	0.648853	0.421011	65.380798	0.000000	0.000000	28.488440	0.000862	0.000001	29.078911	0.032860	0.001080	25.536271	0.034585	0.001196	1449.760907
0.360908	88.192174	0.503432	0.253444	67.560159	4.358723	18.998465	28.502129	0.004019	0.000016	29.098268	0.014843	0.000220	25.696717	0.055295	0.003058	1450.720520
0.363192	87.963341	0.640732	0.410538	65.380798	0.000000	0.000000	28.521906	0.000893	0.000001	29.088580	0.008429	0.000071	25.721828	0.052853	0.002793	1451.078932
0.365475	87.917574	0.558652	0.312093	66.470478	3.269042	10.686637	28.514246	0.002431	0.000006	29.086653	0.013842	0.000192	25.492930	0.062674	0.003928	1449.632732
0.367759	85.903844	2.791762	7.793935	69.739521	5.338324	28.497698	28.517659	0.001704	0.000003	29.089501	0.030783	0.000948	25.699055	0.084737	0.007180	1448.186065
0.370044	88.283707	0.558652	0.312093	66.470478	3.269042	10.686637	28.521972	0.001854	0.000003	29.084665	0.023025	0.000530	25.609389	0.052319	0.002737	1450.176079
0.372329	87.826041	0.629187	0.395876	65.380798	0.000000	0.000000	28.524620	0.001041	0.000001	29.099258	0.013987	0.000196	25.666009	0.092838	0.008619	1450.566909
0.374612	87.826041	0.519809	0.270201	66.470478	3.269042	10.686637	28.531092	0.000701	0.000000	29.099235	0.017523	0.000307	25.699206	0.045702	0.002089	1450.531129
0.376897	87.871808	0.614023	0.377025	66.470478	3.269042	10.686637	28.529660	0.000720	0.000001	29.096232	0.024185	0.000585	25.652055	0.047105	0.002219	1450.122372
0.379182	85.720778	4.159727	17.303332	66.470478	3.269042	10.686637	28.543595	0.002654	0.000007	29.102965	0.036980	0.001367	25.856543	0.077589	0.006020	1449.869706
0.381466	85.491945	6.940244	48.166980	69.739521	5.338324	28.497698	28.574046	0.003436	0.000012	29.093367	0.035173	0.001237	26.123275	0.059442	0.003533	1451.450325
0.383752	88.054874	0.549199	0.301620	67.560159	4.358723	18.998465	28.611852	0.002740	0.000008	29.119505	0.034078	0.001161	26.218756	0.046988	0.002208	1449.954291
0.386035	88.100641	0.716360	0.513172	65.380798	0.000000	0.000000	28.619545	0.000820	0.000001	29.105005	0.027051	0.000732	26.213876	0.044339	0.001966	1449.264191
0.388318	88.329474	0.578907	0.335133	65.380798	0.000000	0.000000	28.632720	0.000838	0.000001	29.099233	0.022230	0.000494	26.322037	0.061929	0.003835	1450.035227
0.390600	88.146407	0.366133	0.134053	65.380798	0.000000	0.000000	28.631018	0.002721	0.000007	29.095214	0.049947	0.002495	26.200387	0.085038	0.007232	1449.795440
0.392884	88.237941	0.342486	0.117297	65.380798	0.000000	0.000000	28.631996	0.000864	0.000001	29.093418	0.029096	0.000847	26.316549	0.045498	0.002070	1450.372887
0.395166	87.780275	0.732265	0.536213	66.470478	3.269042	10.686637	28.635466	0.000426	0.000000	29.087561	0.018412	0.000339	26.314518	0.059974	0.003597	1448.773944
0.397447	87.642975	0.825069	0.680739	66.470478	3.269042	10.686637	28.638361	0.000736	0.000001	29.085613	0.024882	0.000619	26.339660	0.056524	0.003195	1452.719388
0.399731	87.917574	0.431761	0.186418	65.380798	0.000000	0.000000	28.647508	0.000457	0.000000	29.089563	0.018611	0.000346	26.398035	0.038440	0.001478	1448.942492
0.402013	87.551442	1.084002	1.175060	69.739521	5.338324	28.497698	28.646936	0.000799	0.000001	29.103105	0.020280	0.000411	26.317172	0.065456	0.004284	1450.514890
0.404295	86.269977	4.104985	16.850903	67.560159	4.358723	18.998465	28.640631	0.000866	0.000001	29.102093	0.031752	0.001008	26.310609	0.055161	0.003043	1450.055257
0.406577	87.917574	0.692574	0.479659	67.560159	4.358723	18.998465	28.638790	0.000860	0.000001	29.124361	0.020331	0.000413	26.232718	0.058161	0.003383	1449.090013
0.408859	86.498810	2.597027	6.744550	67.560159	4.358723	18.998465	28.635301	0.000794	0.000001	29.111775	0.017705	0.000313	26.210164	0.044682	0.001996	1450.805638
0.411143	87.917574	0.519809	0.270201	66.470478	3.269042	10.686637	28.633217	0.001473	0.000002	29.110860	0.013292	0.000177	26.302167	0.052486	0.002755	1450.108878
0.413425	87.826041	0.722185	0.521551	67.560159	4.358723	18.998465	28.645405	0.001171	0.000001	29.103099	0.010637	0.000113	26.388141	0.066942	0.004481	1450.049086
0.415708	88.009108	0.580713	0.337228	65.380798	0.000000	0.000000	28.656594	0.001478	0.000002	29.113692	0.018892	0.000357	26.423566	0.044621	0.001991	1448.811162
0.417989	86.361510	4.563138	20.822228	66.470478	3.269042	10.686637	28.657922	0.000883	0.000001	29.109854	0.030627	0.000938	26.349554	0.063276	0.004004	1450.397730
0.420271	87.688741	0.964362	0.929994	67.560159	4.358723	18.998465	28.650029	0.000592	0.000000	29.108871	0.031869	0.001016	26.335314	0.071324	0.005087	1449.743082
0.422554	86.636110	3.449538	11.899314	65.380798	0.000000	0.000000	28.652533	0.001512	0.000002	29.100186	0.019385	0.000376	26.325845	0.028687	0.000823	1450.654871
0.424836	88.192174	0.615727	0.379119	65.380798	0.000000	0.000000	28.657904	0.000952	0.000001	29.116571	0.035428	0.001255	26.403385	0.055731	0.003106	1450.026966
0.427117	87.734508	0.615727	0.379119	66.470478	3.269042	10.686637	28.662445	0.001448	0.000002	29.107882	0.037867	0.001434	26.395761	0.060290	0.003635	1449.603134
0.429399	88.054874	0.419458	0.175945	66.470478	3.269042	10.686637	28.666579	0.001442	0.000002	29.109763	0.028367	0.000805	26.397756	0.048866	0.002388	1450.257256
0.431681	85.629245	6.021221	36.255099	69.739521	5.338324	28.497698	28.661191	0.001259	0.000002	29.103041	0.027649	0.000764	26.423588	0.047035	0.002212	1449.070691
0.433962	87.963341	0.607162	0.368646	67.560159	4.358723	18.998465	28.661737	0.000390	0.000000	29.108911	0.023489	0.000552	26.404631	0.042619	0.001816	1451.114463
0.436245	85.537712	5.625569	31.647021	68.649840	4.993544	24.935486	28.664081	0.000998	0.000001	29.114655	0.023337	0.000545	26.397904	0.072304	0.005228	1449.601679
0.438527	87.871808	0.678828	0.460808	68.649840	4.993544	24.935486	28.644943	0.002672	0.000007	29.117594	0.016052	0.000258	26.114794	0.044816	0.002008	1449.366204
0.440809	87.642975	0.551103	0.303714	65.380798	0.000000	0.000000	28.613902	0.000878	0.000001	29.118515	0.030427	0.000926	26.007987	0.034825	0.001213	1450.149582
0.443092	87.780275	0.787398	0.619996	66.470478	3.269042	10.686637	28.604143	0.001196	0.000001	29.111743	0.024455	0.000598	26.002328	0.051128	0.002614	1449.686758
0.445375	87.871808	0.647237	0.418916	68.649840	4.993544	24.935486	28.611956	0.002822	0.000008	29.124314	0.016275	0.000265	26.193986	0.058806	0.003458	1449.924493
0.447658	87.734508	0.411899	0.169661	65.380798	0.000000	0.000000	28.647596	0.004992	0.000025	29.138846	0.022405	0.000502	26.424469	0.034854	0.001215	1449.156935
0.449942	85.308879	5.298657	28.075761	68.649840	4.993544	24.935486	28.649366	0.001081	0.000001	29.121394	0.021950	0.000482	26.236831	0.057455	0.003301	1449.266606
0.452225	86.086911	5.833939	34.034843	66.470478	3.269042	10.686637	28.650788	0.002278	0.000005	29.120475	0.021364	0.000456	26.395006	0.058515	0.003424	1450.234592
0.454508	88.009108	0.357448	0.127769	66.470478	3.269042	10.686637	28.668519	0.001131	0.000001	29.112714	0.031522	0.000994	26.476990	0.058228	0.003391	1452.734723
0.456792	87.688741	0.771272	0.594861	66.470478	3.269042	10.686637	28.678966	0.000562	0.000000	29.109809	0.024811	0.000616	26.485479	0.052306	0.002736	1450.790749
0.459076	87.551442	0.459949	0.211553	66.470478	3.269042	10.686637	28.674942	0.001338	0.000002	29.132046	0.043594	0.001900	26.368436	0.077529	0.006011	1449.700419
0.461358	87.780275	0.533726	0.284863	67.560159	4.358723	18.998465	28.630857	0.007086	0.000050	29.124330	0.023741	0.000564	25.758332	0.106226	0.011284	1449.604581
0.463640	87.826041	0.558652	0.312093	66.470478	3.269042	10.686637	28.568806	0.002509	0.000006	29.130135	0.023892	0.000571	25.581326	0.055327	0.003061	1449.167118
0.465922	87.551442	0.869565	0.756144	66.470478	3.269042	10.686637	28.568636	0.001446	0.000002	29.119514	0.020273	0.000411	25.870218	0.062957	0.003964	1452.380013
0.468205	86.956476	2.026173	4.105378	68.649840	4.993544	24.935486	28.596058	0.002764	0.000008	29.122355	0.014320	0.000205	26.093813	0.057456	0.003301	1449.811522
0.470488	87.734508	0.357448	0.127769	68.649840	4.993544	24.935486	28.603848	0.001632	0.000003	29.117598	0.029562	0.000874	25.953928	0.050252	0.002525	1450.672910
0.472772	87.734508	0.543448	0.295336	65.380798	0.000000	0.000000	28.586978	0.000659	0.000000	29.139794	0.028128	0.000791	25.805765	0.078527	0.006167	1450.638274
0.475055	88.009108	0.710489	0.504794	66.470478	3.269042	10.686637	28.609223	0.002994	0.000009	29.140759	0.039470	0.001558	26.105286	0.051601	0.002663	1450.086127
0.477338	87.734508	0.710489	0.504794	68.649840	4.993544	24.935486	28.627529	0.002196	0.000005	29.123311	0.028070	0.000788	26.264970	0.110299	0.012166	1448.611445
0.479620	87.414142	0.868360	0.754049	66.470478	3.269042	10.686637	28.648919	0.001356	0.000002	29.111757	0.028612	0.000819	26.358192	0.042482	0.001805	1449.152972
0.481902	88.192174	0.503432	0.253444	67.560159	4.358723	18.998465	28.652071	0.001135	0.000001	29.113743	0.033842	0.001145	26.310512	0.062207	0.003870	1449.075397
0.484185	88.009108	0.648853	0.421011	66.470478	3.269042	10.686637	28.639412	0.001512	0.000002	29.119561	0.020301	0.000412	26.163888	0.070944	0.005033	1449.716231
0.486466	87.093776	2.507157	6.285837	67.560159	4.358723	18.998465	28.656354	0.003521	0.000012	29.138784	0.035916	0.001290	26.401462	0.047002	0.002209	1451.661977
0.488750	87.505675	0.571625	0.326755	68.649840	4.993544	24.935486	28.654648	0.001917	0.000004	29.148530	0.018305	0.000335	26.063417	0.073819	0.005449	1449.713766
0.491033	87.917574	0.380166	0.144526	64.563537	2.451782	6.011233	28.632449	0.001953	0.000004	29.116551	0.024409	0.000596	26.075725	0.066780	0.004460	1450.163871
0.493315	87.597208	0.419458	0.175945	67.560159	4.358723	18.998465	28.626975	0.001502	0.000002	29.130149	0.019519	0.000381	26.175458	0.031818	0.001012	1450.512467
0.495597	87.459908	0.519809	0.270201	67.560159	4.358723	18.998465	28.627992	0.002155	0.000005	29.127242	0.026898	0.000723	26.031678	0.045352	0.002057	1449.951269
0.497878	88.100641	0.468968	0.219931	66.470478	3.269042	10.686637	28.615698	0.001380	0.000002	29.133087	0.023356	0.000545	25.919264	0.043168	0.001863	1451.413592
0.500160	87.871808	0.457666	0.209458	66.470478	3.269042	10.686637	28.599238	0.003107	0.000010	29.138867	0.024449	0.000598	25.746270	0.059468	0.003536	1450.294150
0.502443	87.826041	0.519809	0.270201	67.560159	4.358723	18.998465	28.590514	0.002651	0.000007	29.143712	0.017894	0.000320	25.949332	0.079872	0.006380	1449.960970
0.504726	87.963341	0.607162	0.368646	65.380798	0.000000	0.000000	28.609205	0.000931	0.000001	29.145608	0.024427	0.000597	25.905995	0.050025	0.002503	1450.063418
0.507010	87.963341	0.760332	0.578104	66.470478	3.269042	10.686637	28.625879	0.002679	0.000007	29.137821	0.032107	0.001031	26.208354	0.069661	0.004853	1450.665513
0.509292	87.963341	0.398984	0.159188	67.560159	4.358723	18.998465	28.648507	0.001494	0.000002	29.131181	0.018724	0.000351	26.287865	0.051070	0.002608	1451.062158
0.511575	86.910709	2.451398	6.009352	65.380798	0.000000	0.000000	28.661874	0.000924	0.000001	29.137882	0.027470	0.000755	26.222721	0.030099	0.000906	1449.011507
0.513857	82.471350	6.159986	37.945426	67.560159	4.358723	18.998465	28.653265	0.001139	0.000001	29.145544	0.031630	0.001000	26.222656	0.061767	0.003815	1450.952351
0.516138	87.780275	0.533726	0.284863	66.470478	3.269042	10.686637	28.620761	0.004226	0.000018	29.123309	0.033268	0.001107	25.864514	0.054827	0.003006	1451.749879
0.518420	87.917574	0.594966	0.353984	65.380798	0.000000	0.000000	28.594671	0.001828	0.000003	29.146546	0.028897	0.000835	25.707659	0.056203	0.003159	1450.976452
0.520702	87.963341	0.533726	0.284863	65.380798	0.000000	0.000000	28.588862	0.001711	0.000003	29.152376	0.016845	0.000284	25.843408	0.051968	0.002701	1450.036146
0.522987	87.322609	0.732265	0.536213	66.470478	3.269042	10.686637	28.594110	0.001153	0.000001	29.144685	0.016873	0.000285	25.765486	0.063826	0.004074	1449.210718
0.525269	85.125812	5.368560	28.821432	66.470478	3.269042	10.686637	28.587089	0.002505	0.000006	29.163008	0.043767	0.001916	25.609707	0.054301	0.002949	1448.641376
0.527550	83.203616	6.474962	41.925129	67.560159	4.358723	18.998465	28.576445	0.002164	0.000005	29.141697	0.043135	0.001861	25.623509	0.047789	0.002284	1449.952841
0.529833	87.414142	0.501348	0.251350	65.380798	0.000000	0.000000	28.575881	0.000773	0.000001	29.171757	0.028393	0.000806	25.579444	0.039106	0.001529	1448.634879
0.532116	87.642975	0.468968	0.219931	65.380798	0.000000	0.000000	28.582943	0.002424	0.000006	29.158137	0.040159	0.001613	25.791906	0.075003	0.005625	1450.136500
0.534399	87.642975	0.421947	0.178039	65.380798	0.000000	0.000000	28.618610	0.003607	0.000013	29.172715	0.024968	0.000623	26.061863	0.040038	0.001603	1450.330927
0.536680	87.276842	0.739382	0.546686	66.470478	3.269042	10.686637	28.651867	0.001568	0.000002	29.152390	0.022141	0.000490	26.179826	0.093903	0.008818	1449.617597
0.538964	87.597208	0.586098	0.343511	66.470478	3.269042	10.686637	28.657623	0.001471	0.000002	29.164967	0.025233	0.000637	26.028737	0.037096	0.001376	1449.602923
0.541244	87.734508	0.648853	0.421011	66.470478	3.269042	10.686637	28.667532	0.002145	0.000005	29.164938	0.024874	0.000619	26.291654	0.063895	0.004083	1450.459683
0.543526	86.498810	0.614023	0.377025	68.649840	4.993544	24.935486	28.654759	0.003662	0.000013	29.167868	0.018372	0.000338	25.867095	0.062961	0.003964	1451.086618
0.545811	-0.000046	0.000000	0.000000	66.470478	3.269042	10.686637	28.615417	0.002880	0.000008	29.192038	0.017422	0.000304	25.521825	0.047134	0.002222	1448.664168
0.548095	-0.000046	0.000000	0.000000	68.649840	4.993544	24.935486	28.602819	0.000890	0.000001	29.201733	0.028477	0.000811	25.594710	0.033349	0.001112	1447.996177
0.550384	-0.000046	0.000000	0.000000	66.470478	3.269042	10.686637	28.606143	0.002246	0.000005	29.200824	0.015787	0.000249	25.716282	0.070250	0.004935	1461.018514
0.552676	-0.000046	0.000000	0.000000	66.470478	3.269042	10.686637	28.670309	0.004177	0.000017	29.201760	0.025064	0.000628	26.233068	0.042747	0.001827	1449.018687
0.554969	-0.000046	0.000000	0.000000	66.470478	3.269042	10.686637	28.700063	0.000741	0.000001	29.218273	0.017715	0.000314	26.118603	0.055146	0.003041	1451.017879
0.557262	-0.000046	0.000000	0.000000	65.380798	0.000000	0.000000	28.700164	0.000447	0.000000	29.211529	0.011676	0.000136	26.126239	0.033991	0.001155	1448.320765
0.559556	-0.000046	0.000000	0.000000	66.470478	3.269042	10.686637	28.689842	0.001448	0.000002	29.215329	0.019141	0.000366	25.969211	0.048846	0.002386	1450.051233
0.561851	-0.000046	0.000000	0.000000	65.380798	0.000000	0.000000	28.694179	0.003702	0.000014	29.210537	0.016329	0.000267	26.302236	0.044019	0.001938	1451.057912
0.564147	-0.000046	0.000000	0.000000	65.380798	0.000000	0.000000	28.697804	0.004054	0.000016	29.204630	0.031464	0.000990	25.946504	0.069820	0.004875	1449.363696
0.566442	-0.000046	0.000000	0.000000	66.470478	3.269042	10.686637	28.657989	0.001061	0.000001	29.208537	0.023218	0.000539	25.900445	0.057686	0.003328	1449.506607
0.568735	-0.000046	0.000000	0.000000	66.470478	3.269042	10.686637	28.661289	0.001031	0.000001	29.213458	0.014398	0.000207	25.831983	0.052163	0.002721	1450.065794
0.571029	-0.000046	0.000000	0.000000	67.560159	4.358723	18.998465	28.653463	0.000821	0.000001	29.219264	0.015620	0.000244	25.750173	0.046231	0.002137	1451.959429
0.573325	-0.000046	0.000000	0.000000	66.470478	3.269042	10.686637	28.633111	0.000661	0.000000	29.212441	0.019450	0.000378	25.661625	0.049737	0.002474	1450.707690
0.575552	-0.000046	0.000000	0.000000	65.380798	0.000000	0.000000	28.628464	0.000295	0.000000	29.209562	0.013725	0.000188	25.687043	0.029268	0.000857	1445.477185
0.577847	-0.000046	0.000000	0.000000	66.470478	3.269042	10.686637	28.622706	0.001096	0.000001	29.210510	0.013180	0.000174	25.716493	0.053371	0.002848	1449.558314
0.580141	-0.000046	0.000000	0.000000	65.380798	0.000000	0.000000	28.630692	0.000262	0.000000	29.217339	0.010089	0.000102	25.664216	0.039177	0.001535	1450.048016
0.582437	-0.000046	0.000000	0.000000	65.380798	0.000000	0.000000	28.629699	0.000445	0.000000	29.217308	0.017025	0.000290	25.693785	0.043043	0.001853	1448.723445
0.584734	-0.000046	0.000000	0.000000	65.380798	0.000000	0.000000	28.617265	0.001565	0.000002	29.198883	0.021519	0.000463	25.611678	0.056143	0.003152	1451.354348
0.587030	-0.000046	0.000000	0.000000	38.938895	2.426870	5.889696	28.632971	0.003259	0.000011	29.211500	0.015779	0.000249	25.902179	0.045286	0.002051	1451.206248
0.589309	-0.000046	0.000000	0.000000	38.138780	0.000000	0.000000	28.656222	0.002439	0.000006	29.229847	0.016169	0.000261	25.872082	0.059157	0.003500	1450.121387
0.591597	-0.000046	0.000000	0.000000	38.485496	1.040150	1.081912	28.695670	0.003998	0.000016	29.218317	0.003862	0.000015	26.306207	0.038161	0.001456	1448.830439
0.593884	-0.000046	0.000000	0.000000	39.872363	1.733583	3.005310	28.703043	0.001276	0.000002	29.220235	0.012383	0.000153	26.018312	0.046898	0.002199	1450.609740
0.596171	-0.000046	0.000000	0.000000	38.485496	1.040150	1.081912	28.662675	0.005413	0.000029	29.205700	0.019640	0.000386	25.597511	0.037159	0.001381	1449.249927
0.598459	-0.000046	0.000000	0.000000	37.845404	0.880127	0.774623	28.632550	0.000769	0.000001	29.204728	0.017272	0.000298	25.704166	0.061057	0.003728	1450.625495
0.600747	-0.000046	0.000000	0.000000	36.085151	1.344416	1.807454	28.633478	0.001119	0.000001	29.223094	0.014392	0.000207	25.703053	0.031847	0.001014	1450.121617
0.603036	-0.000046	0.000000	0.000000	36.378526	1.437241	2.065662	28.638380	0.000527	0.000000	29.223130	0.011453	0.000131	25.681495	0.041693	0.001738	1451.178785
0.605327	-0.000046	0.000000	0.000000	36.378526	1.437241	2.065662	28.634459	0.000926	0.000001	29.220234	0.008825	0.000078	25.633490	0.049050	0.002406	1449.184066
0.607617	-0.000046	0.000000	0.000000	36.378526	1.437241	2.065662	28.627375	0.000576	0.000000	29.215384	0.002901	0.000008	25.689836	0.046784	0.002189	1449.937011
0.609905	-0.000046	0.000000	0.000000	35.791775	1.173502	1.377108	28.624333	0.000678	0.000000	29.204727	0.014926	0.000223	25.655327	0.024914	0.000621	1449.420929
0.612194	-0.000046	0.000000	0.000000	35.498399	0.880127	0.774623	28.628636	0.000729	0.000001	29.221149	0.012409	0.000154	25.628000	0.045886	0.002106	1451.103495
0.614483	-0.000046	0.000000	0.000000	34.702094	1.005859	1.011753	28.635285	0.003651	0.000013	29.229873	0.017358	0.000301	25.835645	0.029405	0.000865	1450.147690
0.616771	-0.000046	0.000000	0.000000	33.738146	1.770700	3.135379	28.670516	0.001653	0.000003	29.207644	0.011855	0.000141	26.061419	0.000000	0.000000	1450.081172
0.619059	-0.000046	0.000000	0.000000	33.193306	1.005859	1.011753	28.695867	0.001881	0.000004	29.196952	0.015049	0.000226	26.280881	0.013880	0.000193	1449.938341
0.621346	-0.000046	0.000000	0.000000	33.444770	1.152356	1.327925	28.712086	0.001400	0.000002	29.191140	0.022226	0.000494	26.373715	0.000000	0.000000	1449.898599
0.623634	-0.000046	0.000000	0.000000	32.941841	0.754394	0.569111	28.696488	0.001527	0.000002	29.187292	0.013718	0.000188	26.113407	0.035712	0.001275	1449.572361
0.625920	-0.000046	0.000000	0.000000	32.941841	0.754394	0.569111	28.681876	0.001833	0.000003	29.180500	0.023750	0.000564	26.061419	0.000000	0.000000	1449.460245
0.628208	-0.000046	0.000000	0.000000	33.193306	1.005859	1.011753	28.678861	0.001830	0.000003	29.191114	0.030610	0.000937	26.168279	0.008470	0.000072	1450.427379
0.630496	-0.000046	0.000000	0.000000	33.193306	1.005859	1.011753	28.663653	0.002715	0.000007	29.170814	0.019338	0.000374	25.957466	0.000000	0.000000	1450.385547
0.632783	-0.000046	0.000000	0.000000	32.690376	0.000000	0.000000	28.644136	0.001259	0.000002	29.171756	0.027059	0.000732	25.957466	0.000000	0.000000	1449.871917
0.635071	-0.000046	0.000000	0.000000	31.818631	1.067665	1.139908	28.627747	0.001015	0.000001	29.148577	0.022451	0.000504	25.959268	0.019956	0.000398	1450.185099
0.637359	-0.000046	0.000000	0.000000	31.852160	1.518074	2.304548	28.607204	0.000759	0.000001	29.119569	0.021652	0.000469	25.947029	0.036634	0.001342	1451.315091
0.639647	-0.000046	0.000000	0.000000	32.723905	1.051752	1.106183	28.621820	0.002132	0.000005	29.116706	0.008700	0.000076	26.242086	0.035275	0.001244	1450.234135
0.641935	-0.000046	0.000000	0.000000	31.382759	1.067665	1.139908	28.640413	0.000133	0.000000	29.110913	0.002898	0.000008	26.269545	0.000000	0.000000	1449.547441
0.644224	-0.000046	0.000000	0.000000	30.728951	0.653808	0.427465	28.635588	0.001658	0.000003	29.104118	0.011657	0.000136	26.199510	0.043188	0.001865	1449.055859
0.646513	-0.000046	0.000000	0.000000	30.728951	0.653808	0.427465	28.632017	0.000949	0.000001	29.110910	0.005207	0.000027	26.275221	0.007566	0.000057	1448.801611
0.648801	-0.000046	0.000000	0.000000	30.728951	0.653808	0.427465	28.634368	0.000552	0.000000	29.119582	0.013620	0.000186	26.162613	0.004343	0.000019	1451.057144
0.651089	-0.000046	0.000000	0.000000	31.818631	1.067665	1.139908	28.623829	0.001942	0.000004	29.110865	0.016976	0.000288	26.047221	0.014816	0.000220	1449.683205
0.653374	-0.000046	0.000000	0.000000	30.511014	0.000000	0.000000	28.628052	0.002025	0.000004	29.118639	0.010084	0.000102	26.266701	0.006070	0.000037	1449.369107
0.655661	-0.000046	0.000000	0.000000	30.320320	0.572082	0.327278	28.652586	0.001359	0.000002	29.125363	0.012329	0.000152	26.334864	0.036299	0.001318	1450.175920
0.657947	-0.000046	0.000000	0.000000	30.129626	0.762777	0.581828	28.632250	0.003162	0.000010	29.114731	0.009882	0.000098	26.007523	0.034087	0.001162	1450.515988
0.660235	-0.000046	0.000000	0.000000	29.938932	0.873870	0.763649	28.612163	0.000253	0.000000	29.115731	0.008823	0.000078	26.067033	0.016841	0.000284	1450.540560
0.662523	-0.000046	0.000000	0.000000	29.584786	1.341237	1.798917	28.597824	0.002254	0.000005	29.118615	0.013241	0.000175	25.851704	0.003784	0.000014	1448.971276
0.664812	-0.000046	0.000000	0.000000	29.748238	0.934207	0.872742	28.572720	0.001936	0.000004	29.108978	0.002906	0.000008	25.749783	0.000000	0.000000	1447.587276
0.667100	-0.000046	0.000000	0.000000	29.748238	0.934207	0.872742	28.561955	0.000589	0.000000	29.112830	0.008705	0.000076	25.749783	0.000000	0.000000	1450.036944
0.669387	-0.000046	0.000000	0.000000	29.366850	0.934207	0.872742	28.558619	0.000342	0.000000	29.110913	0.002898	0.000008	25.749783	0.000000	0.000000	1449.122396
0.671675	-0.000046	0.000000	0.000000	31.382759	1.067665	1.139908	28.568483	0.002127	0.000005	29.104107	0.013814	0.000191	25.985804	0.038263	0.001464	1450.427857
0.673964	-0.000046	0.000000	0.000000	29.557544	0.953471	0.909106	28.600806	0.002326	0.000005	29.109894	0.017812	0.000317	26.163560	0.003791	0.000014	1448.832626
0.676251	-0.000046	0.000000	0.000000	29.748238	0.934207	0.872742	28.611345	0.001058	0.000001	29.112784	0.017289	0.000299	26.163558	0.005693	0.000032	1450.497760
0.678540	-0.000046	0.000000	0.000000	29.366850	0.934207	0.872742	28.602620	0.000422	0.000000	29.104122	0.013157	0.000173	26.076537	0.025784	0.000665	1449.755650
0.680828	-0.000046	0.000000	0.000000	29.176156	0.873870	0.763649	28.593994	0.002490	0.000006	29.081850	0.020062	0.000402	25.994308	0.041935	0.001759	1449.379701
0.683117	-0.000046	0.000000	0.000000	28.604073	0.000000	0.000000	28.561652	0.004146	0.000017	29.071175	0.022122	0.000489	25.759208	0.020653	0.000427	1450.785237
0.685406	-0.000046	0.000000	0.000000	28.985461	0.762777	0.581828	28.537248	0.000822	0.000001	29.075066	0.021333	0.000455	25.827046	0.050247	0.002525	1449.124773
0.687694	-0.000046	0.000000	0.000000	29.176156	0.873870	0.763649	28.543508	0.001239	0.000002	29.071220	0.020311	0.000413	25.956521	0.002834	0.000008	1449.236690
0.689983	-0.000046	0.000000	0.000000	29.176156	0.873870	0.763649	28.541458	0.000340	0.000000	29.053776	0.016664	0.000278	25.954629	0.006055	0.000037	1450.907638
0.692271	-0.000046	0.000000	0.000000	29.938932	0.873870	0.763649	28.548947	0.000637	0.000000	29.049915	0.014895	0.000222	26.056688	0.011395	0.000130	1450.708362
0.694559	-0.000046	0.000000	0.000000	29.557544	0.953471	0.909106	28.556837	0.001105	0.000001	29.051870	0.015003	0.000225	26.013188	0.029416	0.000865	1448.957779
0.696847	-0.000046	0.000000	0.000000	29.557544	0.953471	0.909106	28.545001	0.000703	0.000000	29.040281	0.019245	0.000370	26.036828	0.033612	0.001130	1451.189594
0.699134	-0.000046	0.000000	0.000000	28.985461	0.762777	0.581828	28.568938	0.001998	0.000004	29.029635	0.022073	0.000487	26.386964	0.022874	0.000523	1450.121226
0.701419	-0.000046	0.000000	0.000000	29.176156	0.873870	0.763649	28.581967	0.000915	0.000001	29.021929	0.020449	0.000418	26.355706	0.043287	0.001874	1451.142887
0.703706	-0.000046	0.000000	0.000000	28.794767	0.572082	0.327278	28.564036	0.000430	0.000000	29.000698	0.012273	0.000151	26.369922	0.011376	0.000129	1450.064076
0.705993	-0.000046	0.000000	0.000000	29.176156	0.873870	0.763649	28.579268	0.000511	0.000000	29.010361	0.008687	0.000075	26.430550	0.040659	0.001653	1449.339727
0.708278	-0.000046	0.000000	0.000000	29.557544	0.953471	0.909106	28.568199	0.002829	0.000008	29.009377	0.013832	0.000191	26.194779	0.040463	0.001637	1449.155200
0.710564	-0.000046	0.000000	0.000000	28.985461	0.762777	0.581828	28.540792	0.004123	0.000017	28.998710	0.011655	0.000136	26.001856	0.035873	0.001287	1449.870909
0.712851	-0.000046	0.000000	0.000000	29.176156	0.873870	0.763649	28.516146	0.001142	0.000001	29.006464	0.022512	0.000507	25.955576	0.003779	0.000014	1450.244188
0.715138	-0.000046	0.000000	0.000000	28.604073	0.000000	0.000000	28.522628	0.000871	0.000001	29.000699	0.007563	0.000057	26.164508	0.002843	0.000008	1449.530413
0.717425	-0.000046	0.000000	0.000000	29.366850	0.934207	0.872742	28.526318	0.001272	0.000002	28.992931	0.017558	0.000308	26.207097	0.091384	0.008351	1449.419556
0.719712	-0.000046	0.000000	0.000000	29.557544	0.953471	0.909106	28.537389	0.000753	0.000001	29.001667	0.009465	0.000090	26.140849	0.034687	0.001203	1449.406243
0.721999	-0.000046	0.000000	0.000000	29.366850	0.934207	0.872742	28.533194	0.001553	0.000002	28.997806	0.007743	0.000060	26.273328	0.007565	0.000057	1449.474020
0.724286	-0.000046	0.000000	0.000000	29.176156	0.873870	0.763649	28.555482	0.000584	0.000000	28.986160	0.018803	0.000354	26.360438	0.040461	0.001637	1451.175974
0.726573	-0.000046	0.000000	0.000000	28.985461	0.762777	0.581828	28.544134	0.003751	0.000014	28.986159	0.012869	0.000166	26.086948	0.042087	0.001771	1450.777462
0.728861	-0.000046	0.000000	0.000000	29.176156	0.873870	0.763649	28.511171	0.001467	0.000002	28.998765	0.008950	0.000080	25.966902	0.014005	0.000196	1450.094650
0.731149	-0.000046	0.000000	0.000000	29.557544	0.953471	0.909106	28.525518	0.002934	0.000009	28.983240	0.018140	0.000329	26.368971	0.009721	0.000094	1449.599611
0.733436	-0.000046	0.000000	0.000000	29.176156	0.873870	0.763649	28.559411	0.001509	0.000002	28.995843	0.013606	0.000185	26.443827	0.051940	0.002698	1450.079679
0.735723	-0.000046	0.000000	0.000000	28.794767	0.572082	0.327278	28.576920	0.001991	0.000004	28.991961	0.024424	0.000597	26.582259	0.000000	0.000000	1449.702373
0.738011	-0.000046	0.000000	0.000000	29.938932	0.873870	0.763649	28.556182	0.004794	0.000023	28.990036	0.016904	0.000286	26.102964	0.061845	0.003825	1449.573754
0.740298	-0.000046	0.000000	0.000000	29.176156	0.873870	0.763649	28.492170	0.006190	0.000038	28.980349	0.016907	0.000286	25.651680	0.014096	0.000199	1449.503565
0.742587	-0.000046	0.000000	0.000000	29.176156	0.873870	0.763649	28.454808	0.001546	0.000002	29.006493	0.015564	0.000242	25.591312	0.030331	0.000920	1450.947960
0.744875	-0.000046	0.000000	0.000000	29.176156	0.873870	0.763649	28.441476	0.000857	0.000001	28.985229	0.010990	0.000121	25.646030	0.000000	0.000000	1448.902783
0.747162	-0.000046	0.000000	0.000000	29.176156	0.873870	0.763649	28.434920	0.001843	0.000003	28.970670	0.035010	0.001226	25.775236	0.031857	0.001015	1448.958450
0.749450	-0.000046	0.000000	0.000000	29.557544	0.953471	0.909106	28.437289	0.001088	0.000001	28.975525	0.020084	0.000403	25.648842	0.008436	0.000071	1449.702736
0.751739	-0.000046	0.000000	0.000000	29.557544	0.953471	0.909106	28.438515	0.000778	0.000001	28.979418	0.019488	0.000380	25.749783	0.000000	0.000000	1450.037502
0.754029	-0.000046	0.000000	0.000000	28.794767	0.572082	0.327278	28.459870	0.004778	0.000023	28.974583	0.016220	0.000263	26.116263	0.052967	0.002805	1450.197793
0.756315	-0.000046	0.000000	0.000000	28.794767	0.572082	0.327278	28.487021	0.001798	0.000003	28.962009	0.021666	0.000469	26.164508	0.002843	0.000008	1449.419860
0.758604	-0.000046	0.000000	0.000000	29.775480	1.323693	1.752163	28.515787	0.001381	0.000002	28.971683	0.008703	0.000076	26.312147	0.043860	0.001924	1450.219957
0.760893	-0.000046	0.000000	0.000000	29.366850	0.934207	0.872742	28.527849	0.003007	0.000009	28.950441	0.018954	0.000359	26.573711	0.015573	0.000243	1450.651296
0.763180	-0.000046	0.000000	0.000000	29.748238	0.934207	0.872742	28.544562	0.002651	0.000007	28.939778	0.020400	0.000416	26.692296	0.016911	0.000286	1449.991680
0.765468	-0.000046	0.000000	0.000000	28.794767	0.572082	0.327278	28.547627	0.000428	0.000000	28.921419	0.015750	0.000248	26.661940	0.022153	0.000491	1450.608682
0.767755	-0.000046	0.000000	0.000000	28.985461	0.762777	0.581828	28.520101	0.005578	0.000031	28.912771	0.010775	0.000116	26.234526	0.068787	0.004732	1451.508010
0.770043	-0.000046	0.000000	0.000000	29.176156	0.873870	0.763649	28.445918	0.005247	0.000028	28.911785	0.016323	0.000266	25.783735	0.040300	0.001624	1450.318855
0.772330	-0.000046	0.000000	0.000000	29.966174	1.277764	1.632681	28.402956	0.001199	0.000001	28.931098	0.012428	0.000154	25.679979	0.046439	0.002157	1451.597841
0.774617	-0.000046	0.000000	0.000000	28.985461	0.762777	0.581828	28.416737	0.000464	0.000000	28.905043	0.017705	0.000313	25.965012	0.011004	0.000121	1450.497001
0.776904	-0.000046	0.000000	0.000000	29.938932	0.873870	0.763649	28.414298	0.001379	0.000002	28.934946	0.022130	0.000490	25.853596	0.000000	0.000000	1449.826744
0.779190	-0.000046	0.000000	0.000000	28.794767	0.572082	0.327278	28.410179	0.000337	0.000000	28.915665	0.015844	0.000251	25.852645	0.005084	0.000026	1449.896462
0.781499	-0.000046	0.000000	0.000000	inf	nan	nan	1.078511	3.003230	9.019390	29.248188	0.176261	0.031068	19.762956	18.216557	331.842933	1190.057795
0.783838	-0.000046	0.000000	0.000000	inf	nan	nan	-115.843887	31.925614	1019.244819	-273.150000	0.000000	0.000000	-273.150000	0.000000	0.000000	363.548231
0.786124	-0.000046	0.000000	0.000000	0.151998	0.003524	0.000012	-130.189071	17.237194	297.120841	34.363875	0.207536	0.043071	26.473552	0.041283	0.001704	1417.402508
0.788403	-0.000046	0.000000	0.000000	inf	nan	nan	-108.812548	28.492163	811.803335	-211.713283	122.874544	15098.153455	-246.870913	78.837260	6215.313582	1747.818855
0.790665	-0.000046	0.000000	0.000000	inf	nan	nan	-201.029604	7.890865	62.265756	-244.887729	84.786813	7188.803613	-245.996008	81.461976	6636.053485	7692.307692
0.792913	-0.000046	0.000000	0.000000	inf	nan	nan	-87.030737	11.031425	121.692336	5.292966	92.814436	8614.519576	-3.002136	90.049307	8108.877701	501310.890803
0.795185	-0.000046	0.000000	0.000000	inf	nan	nan	-163.493305	9.716340	94.407262	-211.500485	123.303157	15203.668565	-273.150000	0.000000	0.000000	0.000000
0.797458	-0.000046	0.000000	0.000000	inf	nan	nan	-230.084072	6.979621	48.715110	-241.699305	94.352086	8902.316226	-243.236491	89.740526	8053.362064	12527.361806
0.799748	-0.000046	0.000000	0.000000	inf	nan	nan	-192.497727	6.994197	48.918798	-124.990473	148.444976	22035.910855	-125.595062	147.568012	21776.318153	9485.909972
0.801974	-0.000046	0.000000	0.000000	0.215196	0.002153	0.000005	-85.660170	12.642898	159.842866	39.222174	0.231451	0.053570	26.990626	0.011273	0.000127	1450.051535
0.804259	-0.000046	0.000000	0.000000	0.217776	0.004476	0.000020	-2.531002	3.914456	15.322969	37.283018	0.136448	0.018618	27.080071	0.028036	0.000786	1449.545364
0.806543	-0.000046	0.000000	0.000000	0.221168	0.002230	0.000005	23.016352	1.181650	1.396296	36.031583	0.095462	0.009113	26.994450	0.068499	0.004692	1450.581234
0.808827	-0.000046	0.000000	0.000000	0.221105	0.000730	0.000001	30.503650	0.325183	0.105744	35.144423	0.078118	0.006102	26.284707	0.078431	0.006151	1450.931962
0.811112	-0.000046	0.000000	0.000000	0.218625	0.001079	0.000001	32.403429	0.069541	0.004836	34.480725	0.057360	0.003290	26.057362	0.065090	0.004237	1450.138220
0.813397	-0.000046	0.000000	0.000000	0.218584	0.001174	0.000001	32.698592	0.004324	0.000019	33.957576	0.049813	0.002481	26.165442	0.035906	0.001289	1449.799106
0.815684	-0.000046	0.000000	0.000000	0.219052	0.000879	0.000001	32.522932	0.020614	0.000425	33.536520	0.042346	0.001793	26.178963	0.016213	0.000263	1450.061370
0.817969	-0.000046	0.000000	0.000000	0.217687	0.000901	0.000001	32.265633	0.023601	0.000557	33.202125	0.038812	0.001506	26.140651	0.029939	0.000896	1450.724102
